0.998316
0.89254
0.613517
0.687321
0.493371
0.289666
0.331421
0.334995
0.556334
0.35259
0.383759
0.644989
0.618758
0.420303
0.746664
0.626535
0.708647
0.782254
0.710262
0.643141
0.513375
0.742466
0.507957
0.36482
0.533305
0.837925
0.910792
0.926989
0.938329
0.931073
0.943946
0.942309
0.940853
0.962148
0.985065
0.993969
0.995819
0.985081
0.990189
0.988064
0.991134
0.993057
0.986694
0.970777
0.963207
0.977224
0.973674
0.970847
0.947385
0.968646
0.977748
0.988683
0.750622
0.834364
0.672937
0.921047
0.774813
0.790986
0.960676
0.949038
0.98438
0.998204
0.947376
0.623056
0.840501
0.926172
0.971882
0.946589
0.959005
0.961377
0.962069
0.963791
0.950552
0.955888
0.94952
0.955982
0.968126
0.983646
0.992861
0.989554
0.992957
0.992915
0.9941
0.996985
0.975647
0.987542
0.982981
0.97032
0.984762
0.983567
0.983621
0.981877
0.980652
0.982064
0.972097
0.969855
0.584961
0.230447
0.222463
0.184528
0.0548869
0.0159632
0.0337505
0.0399641
0.210732
0.742595
0.965598
0.950507
0.966903
0.978867
0.985666
0.995005
0.995953
0.991238
0.980274
0.982557
0.983874
0.983108
0.990451
0.995085
0.970195
0.978848
0.983363
0.987589
0.994373
0.99382
0.995365
0.969069
0.991288
0.9949
0.994324
0.99303
0.979935
0.417714
0.553433
0.531305
0.456403
0.604704
0.624404
0.569801
0.941632
0.945614
0.952171
0.953267
0.846884
0.647398
0.548068
0.814838
0.609293
0.752793
0.888837
0.967883
0.973122
0.990176
0.995887
0.996008
0.986867
0.996269
0.975559
0.985121
0.988134
0.987655
0.739633
0.130906
0.0193026
-0.0618869
-0.27382
-0.0125384
0.122621
0.510199
0.969142
0.928103
0.972233
0.966928
0.96446
0.989978
0.993653
0.987566
0.987708
0.993421
0.989725
0.993158
0.983629
0.976465
0.688616
0.461061
0.345559
0.580883
0.943804
0.968824
0.983579
0.960695
0.965633
0.940281
0.16275
0.0866144
0.700984
0.902864
0.981109
0.984114
0.966462
0.729465
0.70124
0.474207
0.715545
0.866664
0.869821
0.914494
0.987927
0.983617
0.973002
0.983935
0.977934
0.975674
0.969674
0.988859
0.975437
0.95294
0.943624
0.960743
0.966008
0.929823
0.602892
0.637919
0.496038
0.199005
0.670946
0.505951
0.593628
0.906448
0.947586
0.912088
0.950047
0.933032
0.937769
0.623685
0.616716
0.736069
0.902547
0.968049
0.977079
0.902349
0.986853
0.872355
0.734286
0.9115
0.904398
0.539199
0.778631
0.442816
0.229651
0.469595
0.988533
0.982146
0.705982
0.862467
0.54587
0.94693
0.71045
0.886345
0.873376
0.701879
0.803561
0.696438
0.87425
