0.02497
4028.03
0.545446
0.473408
0.265746
25165.1
77779.5
350317
1.28615e+06
1.48772e+06
6.77235e+06
6.1375e+06
961743
21623.6
4807.78
5374.79
19971.3
24067.8
19139.2
15369.2
17186.5
41447
3.71247e+06
9.62546e+07
1
6.84436e+08
745176
827686
44434.4
43461.9
12007.7
23338.7
64446.5
84210.5
65767.4
41462.7
7802.08
6389.12
6551.82
45728.3
3.39281e+06
967229
2.5344e+08
5.05951e+07
3.96075e+06
8.41446e+06
2.63066e+06
1.39866e+06
2.07576e+06
4.59523e+06
1.72309e+06
1.63808e+06
25351
28905.5
62311.2
65202
65099.8
77347.2
293560
1.42711e+07
123295
1.53486e+06
68789.3
29130.5
211766
1.22176e+06
1.93624e+07
1.73905e+08
247230
394374
11410.3
4069.52
3093.35
2306.21
3257.57
2561.59
4962.33
6318.25
8659.91
15064.3
18921.6
55568.8
371458
2.67426e+06
2.4092e+06
3.03971e+06
1.36025e+07
1.40467e+07
2.6978e+08
1
1.47066e+07
169223
8369.12
4464.35
8521.29
3967.99
7470.98
11778.7
23523.8
76281.7
62123.6
425959
1.18348e+06
6.57791e+06
1.09857e+07
