-66.3148
-64.6682
-25.9848
-17.4859
-17.3642
-20.0286
-24.9292
-31.4652
-37.1135
-37.7458
-44.328
-43.9005
-35.8512
-19.3699
-12.84
-13.3242
-19.0247
-19.835
-18.8398
-17.8871
-18.3725
-22.1955
-41.7172
-55.8548
-70.3071
-64.3739
-34.7432
-35.1993
-22.4978
-22.4017
-16.8152
-19.7014
-24.1126
-25.2743
-24.2007
-22.1972
-14.9427
-14.075
-14.1842
-22.6225
-41.3262
-35.8759
-60.0593
-53.0617
-41.9984
-45.2709
-40.2212
-37.4777
-39.1924
-42.6437
-38.3837
-38.1639
-20.0606
-20.6304
-23.9663
-24.1632
-24.1564
-24.905
-30.6976
-47.5652
-26.93
-37.8813
-24.3958
-20.6641
-29.2792
-36.8905
-48.8902
-58.4237
-29.9516
-31.9797
-16.5936
-12.116
-10.9249
-9.64958
-11.1495
-10.1057
-12.9775
-14.0266
-15.3957
-17.8001
-18.7902
-23.4689
-31.7197
-40.2926
-39.8393
-40.8489
-47.3568
-47.4964
-60.3307
-63.5584
-47.6957
-28.3052
-15.2474
-12.5182
-15.3257
-12.0063
-14.7544
-16.7316
-19.7357
-24.8448
-23.9532
-32.3143
-36.7522
-44.2015
-46.4289
