-25.1847	0.998316	5.00282e-05
-49.4835	0.89254	0.0131562
-53.8073	0.613517	0.0346668
-54.407	0.687321	0.0952504
-56.5907	0.493371	0.298416
-56.5992	0.289666	0.234276
-57.6149	0.331421	0.216876
-58.3055	0.334995	0.139841
-56.0541	0.556334	0.0396891
-57.2346	0.35259	0.105512
-56.5196	0.383759	0.0543206
-54.4709	0.644989	0.0381351
-54.9873	0.618758	0.0258299
-56.9274	0.420303	0.167885
-53.339	0.746664	3.76416e-34
-52.178	0.626535	0.0054085
-53.4954	0.708647	0.181201
-52.3225	0.782254	0.00205685
-51.848	0.710262	0.0533773
-53.8635	0.643141	0.00291348
-52.1728	0.513375	0.176349
-53.155	0.742466	0.0404108
-20.2597	0.507957	0.701662
-12.7567	0.36482	0.340929
-6.89679	0.533305	0.579629
-5.22512	0.837925	0.232259
0.371235	0.910792	0.300358
-0.0426386	0.926989	0.307819
-3.9159	0.938329	0.285947
-5.30954	0.931073	0.415857
-7.50142	0.943946	0.338877
-6.74471	0.942309	0.43326
-7.30168	0.940853	0.335235
-7.8887	0.962148	0.335706
-9.49372	0.985065	0.53114
-11.5542	0.993969	0.422036
-10.9101	0.995819	0.335178
-12.4832	0.985081	0.392438
-15.3102	0.990189	0.325604
-14.5678	0.988064	0.238456
-17.5613	0.991134	0.436543
-15.5146	0.993057	0.218193
-12.6825	0.986694	0.221854
-4.98231	0.970777	0.26125
-8.28005	0.963207	0.399159
-7.23666	0.977224	0.32331
-4.64741	0.973674	0.377378
-4.07028	0.970847	0.319354
-3.7424	0.947385	0.312719
-9.65379	0.968646	0.480788
-10.1188	0.977748	0.410811
-34.0086	0.988683	0.429703
-52.0209	0.750622	0.135682
-52.5827	0.834364	0.00273912
-54.3787	0.672937	0.146069
-47.9365	0.921047	1.08498e-34
-51.999	0.774813	0.0147207
-22.1449	0.790986	0.326269
-11.1014	0.960676	0.06677
-6.54781	0.949038	0.280767
-15.1183	0.98438	0.124226
-27.1116	0.998204	0.220565
-46.7161	0.947376	0.216631
-54.3472	0.623056	0.137421
-45.671	0.840501	0.00019506
-14.8432	0.926172	0.0894971
-18.3361	0.971882	0.20039
-8.82913	0.946589	0.0499502
-5.95166	0.959005	0.289942
-3.27027	0.961377	0.289447
-5.24437	0.962069	0.374585
-4.33216	0.963791	0.41328
-3.75789	0.950552	0.375419
-3.92307	0.955888	0.284635
-5.65977	0.94952	0.28398
-9.09953	0.955982	0.286816
-8.04527	0.968126	0.219155
-10.6353	0.983646	0.240997
-15.824	0.992861	0.227822
-13.3174	0.989554	0.231222
-15.7579	0.992957	0.422574
-13.9569	0.992915	0.233933
-16.7301	0.9941	0.458389
-14.3154	0.996985	0.227226
-15.6809	0.975647	0.374596
-8.55126	0.987542	0.431515
-5.81006	0.982981	0.219249
-5.06115	0.97032	0.330664
-6.41825	0.984762	0.276042
-8.26618	0.983567	0.359398
-6.87847	0.983621	0.330066
-4.60649	0.981877	0.329003
-3.88697	0.980652	0.228109
-5.0413	0.982064	0.307797
-10.4541	0.972097	0.308422
-16.0415	0.969855	0.17934
-18.5841	0.584961	0.312626
-12.3192	0.230447	0.536484
-8.31538	0.222463	0.709478
-8.25411	0.184528	0.684874
-8.23277	0.0548869	0.561025
-9.57981	0.0159632	0.375965
-11.1903	0.0337505	0.41052
-10.5345	0.0399641	0.389216
-15.452	0.210732	0.375498
-25.192	0.742595	0.242791
-1.50465	0.965598	0.262218
-1.58747	0.950507	0.336677
-2.99124	0.966903	0.333257
-6.77126	0.978867	0.262481
-8.14515	0.985666	0.346741
-11.5652	0.995005	0.276882
-10.1516	0.995953	0.260594
-10.7449	0.991238	0.271581
-11.7449	0.980274	0.305632
-9.61308	0.982557	0.412442
-8.4408	0.983874	0.294241
-14.3217	0.983108	0.245711
-14.389	0.990451	0.502676
-13.9891	0.995085	0.39223
-9.00711	0.970195	0.137025
-11.4101	0.978848	0.343772
-8.92937	0.983363	0.175754
-13.0086	0.987589	0.310766
-13.5968	0.994373	0.20684
-17.249	0.99382	0.427582
-14.3316	0.995365	0.212086
-16.46	0.969069	0.37462
-13.93	0.991288	0.182717
-16.9615	0.9949	0.308037
-20.6571	0.994324	0.162918
-28.53	0.99303	0.121154
-40.4413	0.979935	0.888082
-56.3891	0.417714	72.3319
-42.1927	0.553433	1.32919
-12.8236	0.531305	0.758553
-11.7093	0.456403	0.682115
-11.7279	0.604704	0.575539
-16.0138	0.624404	0.41711
-20.9325	0.569801	0.483158
-6.34177	0.941632	0.359201
-4.97748	0.945614	0.412675
-5.41429	0.952171	0.312075
-9.88299	0.953267	0.405978
-26.0775	0.846884	0.130827
-34.972	0.647398	0.669663
-33.9403	0.548068	0.660234
-16.1633	0.814838	0.358059
-18.6991	0.609293	0.51372
-19.7125	0.752793	0.366845
-19.8553	0.888837	0.548046
-12.3106	0.967883	0.230762
-7.29823	0.973122	0.159707
-12.5247	0.990176	0.172243
-12.929	0.995887	0.519889
-11.9009	0.996008	0.334315
-14.4268	0.986867	0.299772
-16.8826	0.996269	0.15894
-12.3343	0.975559	0.171045
-7.15719	0.985121	0.441485
-5.94424	0.988134	0.215976
-11.7741	0.987655	0.113781
-22.0673	0.739633	0.12945
-15.8194	0.130906	0.26569
-11.2621	0.0193026	0.332587
-10.5156	-0.0618869	0.586001
-13.4924	-0.27382	0.326652
-11.0251	-0.0125384	0.413035
-13.0437	0.122621	0.410856
-22.9536	0.510199	0.390556
-8.12589	0.969142	0.0335376
-6.31749	0.928103	0.231079
-6.65307	0.972233	0.277622
-6.88106	0.966928	0.259989
-6.20999	0.96446	0.375248
-5.88566	0.989978	0.38737
-10.1638	0.993653	0.444573
-15.237	0.987566	0.350781
-14.0856	0.987708	0.431652
-14.5878	0.993421	0.32199
-9.70338	0.989725	0.310008
-6.09677	0.993158	0.289237
-10.4617	0.983629	0.413028
-11.7315	0.976465	0.312051
-25.2647	0.688616	0.122777
-21.318	0.461061	0.576429
-17.3517	0.345559	0.412725
-16.6945	0.580883	0.462552
-16.2308	0.943804	0.196994
-6.43135	0.968824	0.0989763
-7.69254	0.983579	0.399665
-10.4448	0.960695	0.38018
-11.6946	0.965633	0.139227
-18.8967	0.940281	0.0907405
-20.8464	0.16275	0.474566
-18.7861	0.0866144	0.435913
-23.9125	0.700984	0.0692376
-19.5054	0.902864	0.211473
-7.89337	0.981109	0.148967
-11.4327	0.984114	0.259289
-18.7179	0.966462	0.38103
-30.0292	0.729465	0.175885
-25.5713	0.70124	0.169213
-29.4638	0.474207	0.22867
-28.0703	0.715545	0.328946
-29.0054	0.866664	0.205768
-30.1223	0.869821	0.421422
-11.9215	0.914494	0.139986
-9.33047	0.987927	0.270387
-10.3665	0.983617	0.560372
-6.79364	0.973002	0.227885
-7.24591	0.983935	0.312111
-11.1067	0.977934	0.374576
-19.34	0.975674	0.300613
-12.611	0.969674	0.11063
-12.9901	0.988859	0.193163
-15.7805	0.975437	0.272156
-5.83656	0.95294	0.230546
-2.76376	0.943624	0.26298
-8.45796	0.960743	0.251339
-14.6021	0.966008	0.167705
-19.6329	0.929823	0.248202
-22.9825	0.602892	0.307588
-27.8144	0.637919	0.45492
-38.8134	0.496038	1.30773
-38.8225	0.199005	0.611755
-20.8201	0.670946	0.458074
-25.7598	0.505951	0.505041
-26.9545	0.593628	0.559936
-12.2195	0.906448	0.127217
-12.205	0.947586	0.266745
-15.7092	0.912088	0.295043
-12.555	0.950047	0.212797
-16.9991	0.933032	0.306104
-23.8068	0.937769	0.172507
-25.3727	0.623685	0.405068
-30.355	0.616716	0.296372
-32.3222	0.736069	0.521902
-33.974	0.902547	0.4389
-27.4453	0.968049	0.301788
-30.8878	0.977079	0.203795
-32.0608	0.902349	0.266991
-38.3007	0.986853	1.17503
-50.04	0.872355	16.7656
-44.1044	0.734286	2.06425
-47.9899	0.9115	5.05026
-48.7841	0.904398	13.3505
-55.8012	0.539199	64.9925
-52.6514	0.778631	31.1213
-56.3535	0.442816	34.6476
-56.6189	0.229651	36.8309
-56.0395	0.469595	70.5701
-38.1313	0.988533	1.12395
-41.2723	0.982146	2.29067
-54.2191	0.705982	43.886
-50.8635	0.862467	9.78761
-55.8942	0.54587	31.1706
-46.8592	0.94693	1
-53.5661	0.71045	37.7599
-48.3652	0.886345	12.122
-50.4894	0.873376	4.64833
-54.7768	0.701879	12.475
-51.9832	0.803561	6.85871
-53.8782	0.696438	10.1433
-50.3065	0.87425	0.27854
