0.031881
0.032807
0.032470
0.032662
0.034305
0.034284
0.034024
0.033990
0.032813
0.032828
0.032485
0.032430
0.032417
0.032033
0.032678
0.032991
0.033384
0.032356
0.033039
0.032845
0.032192
0.032078
0.032101
0.032445
0.032635
0.032614
0.033404
0.032217
0.032011
0.032432
0.032066
0.033195
0.033557
0.033086
0.032501
0.032860
0.033976
0.033334
0.033906
0.033362
0.035008
0.034825
0.034867
0.035639
0.035045
0.033024
0.033130
0.032072
0.032403
0.032382
0.032596
0.032195
0.032886
0.032391
0.032202
0.032361
0.033883
0.033305
0.033116
0.033162
0.032803
0.032041
0.032287
0.032421
0.033539
0.033541
0.033768
0.032685
0.032394
0.032165
0.032652
0.032241
0.031855
0.032139
0.032579
0.032142
0.032882
0.033144
0.033900
0.033744
0.032022
0.032121
0.032283
0.031936
0.032168
0.032479
0.032570
0.032684
0.032886
0.032391
0.031994
0.032296
0.032164
0.032437
0.032961
0.032652
0.032964
0.032589
0.034069
0.032548
0.033097
0.032759
0.032754
0.032613
0.032829
0.032895
0.032998
0.032832
0.032608
0.032621
0.032709
0.032509
0.032228
0.032597
0.032134
0.032834
0.033069
0.032861
0.032568
0.033069
0.033142
0.033144
0.033170
0.033108
0.033307
0.033685
0.034344
0.033710
0.033587
0.033819
0.032979
0.033666
0.033325
0.033019
0.033534
0.033377
0.033453
0.032991
0.033325
0.032806
0.033103
0.032988
0.032575
0.032444
0.032894
0.033479
0.033150
0.033736
0.033557
0.034039
0.033129
0.032528
0.033886
0.033730
0.033170
0.033635
0.033055
0.033485
0.032978
0.033499
0.032895
0.033049
0.033022
0.033647
0.033364
0.032796
0.033365
0.032521
0.032220
0.032745
0.035670
0.057428
0.057716
0.056489
0.068335
0.069654
0.071754
0.077971
0.074364
0.084103
0.088909
0.075122
0.092186
0.093319
0.078012
0.096901
0.092213
0.076978
0.091353
0.079731
0.070116
0.070635
0.073356
0.066706
0.059910
0.064278
0.064107
0.063135
0.059154
0.079450
0.082655
0.075718
0.068838
0.087535
0.082313
0.081968
0.079220
0.076172
0.083822
0.080511
0.076399
0.068958
0.074734
0.078691
0.071500
0.065156
0.061872
0.060747
0.042430
0.039549
0.042666
0.043126
0.046977
0.044068
0.043986
0.044536
0.045966
0.042867
0.044408
0.046215
0.043167
0.043332
0.046445
0.042032
0.040322
0.041680
0.036496
0.036106
0.040674
0.037610
0.036145
0.035120
0.037287
0.044092
0.047144
0.045459
0.053164
0.051234
0.049851
0.053690
0.050490
0.051551
0.049342
0.056507
0.053325
0.051728
0.049360
0.054147
0.050907
0.051509
0.047964
0.044111
0.042172
0.037919
0.035054
0.032674
0.032760
0.032380
0.032240
0.032643
0.033815
0.033082
0.032682
0.032864
0.032719
0.033196
0.032615
0.033231
0.032388
0.032711
0.035363
0.034931
0.033005
0.033981
0.033090
0.033847
0.035121
0.033717
0.034541
0.034207
0.034401
0.033852
0.033724
0.033296
0.032838
0.032809
0.033610
0.033975
0.033339
0.033745
0.032999
0.032685
0.033168
0.033245
0.033957
0.034472
0.033787
0.034066
0.034049
0.033255
0.033517
0.034369
0.034383
0.033461
0.034096
0.033946
0.034418
0.034746
0.033947
0.036119
0.035019
0.034916
0.036158
0.036645
0.035754
0.037907
0.038117
0.036667
0.037602
0.039096
0.037082
0.038950
0.037799
0.039890
0.038988
0.038823
0.037588
0.041443
0.038650
0.046820
0.042085
0.041872
0.044600
0.039817
0.046642
0.044947
0.039979
0.045963
0.039994
0.040110
0.037486
0.035367
0.035158
0.032570
0.033011
0.032937
0.032312
0.032821
0.032163
0.032431
0.032581
0.033972
0.032917
0.033488
0.037066
0.040239
0.036412
0.038033
0.043339
0.052448
0.050577
0.053808
0.053938
0.054712
0.069632
0.064568
0.057193
0.067062
0.060998
0.053740
0.063111
0.054955
0.053741
0.051888
0.044179
0.043099
0.040694
0.045288
0.043714
0.043653
0.041391
0.047663
0.043053
0.041621
0.038273
0.039377
0.040378
0.039698
0.038033
0.040079
0.040839
0.038961
0.038594
0.040393
0.040374
0.037962
0.040804
0.040346
0.038165
0.042923
0.047438
0.043296
0.051227
0.044656
0.043002
0.046842
0.039925
0.045475
0.044152
0.042689
0.046220
0.040624
0.047091
0.039082
0.038181
0.033527
0.035288
0.034040
0.035247
0.038308
0.038524
0.044185
0.038751
0.033954
0.032175
0.033441
0.032532
0.033404
0.033168
0.032275
0.032391
0.032426
0.032465
0.032350
0.033169
0.034811
0.037136
0.043723
0.042681
0.043945
0.041015
0.048418
0.043562
0.042566
0.044232
0.039339
0.043494
0.042133
0.042004
0.043314
0.040459
0.042610
0.039294
0.042548
0.037914
0.035449
0.037198
0.037533
0.037044
0.036356
0.036069
0.034467
0.036347
0.035013
0.040796
0.038054
0.041441
0.035932
0.040835
0.035406
0.041199
0.034464
0.039676
0.035497
0.039305
0.035232
0.039238
0.036492
0.037407
0.034786
0.035501
0.034288
0.034998
0.034064
0.033690
0.033023
0.032994
0.032832
0.032895
0.034814
0.033409
0.033826
0.032941
0.032996
0.033402
0.034349
0.033370
0.032764
0.032523
0.032388
0.032743
0.032516
0.032285
0.033620
0.032994
0.033068
0.032207
0.032539
0.032657
0.032773
0.032277
0.032431
0.031942
0.032162
0.032349
0.032309
0.032127
0.032196
0.032434
0.032342
0.033334
0.033617
0.033400
0.032928
0.033399
0.033033
0.031913
0.032389
0.032369
0.032397
0.032469
0.033134
0.033123
0.033173
0.033361
0.034361
0.035446
0.035495
0.034716
0.032161
0.032692
0.032295
0.032216
0.032933
0.032610
0.032491
0.032189
0.032925
0.032439
0.033448
0.034869
0.034507
0.034087
0.033096
0.031884
0.032283
0.032172
0.032031
0.032312
0.032610
0.032080
0.032778
0.033072
0.033209
0.032966
0.032380
0.033119
0.033162
0.033477
0.032779
0.032473
0.032380
0.032682
0.033644
0.034762
0.035142
0.034227
0.035180
0.035649
0.037085
0.036644
0.034698
0.035504
0.036399
0.037377
0.037146
0.035176
0.033290
0.032550
0.032707
0.032252
0.032387
0.032191
0.032723
0.032714
0.033917
0.033939
0.034464
0.033784
0.032759
0.032315
0.032285
0.032290
0.032977
0.033796
0.034226
0.032747
0.031906
0.031898
0.034003
0.034424
0.034226
0.033450
0.032466
0.032039
0.031863
0.031837
0.032099
0.032766
0.033244
0.034258
0.037008
0.037795
0.037383
0.033823
0.033629
0.034077
0.033549
0.032957
0.032291
0.031932
0.032079
0.033245
0.033106
0.032463
0.031969
0.031905
0.031902
0.033673
0.035115
0.034645
0.034797
0.034413
0.034274
0.034185
0.033884
0.034581
0.033408
0.033609
0.037668
0.037154
0.037684
0.037102
0.041966
0.041985
0.041874
0.037699
0.043637
0.043516
0.040198
0.041765
0.043068
0.041364
0.040201
0.042742
0.036237
0.040891
0.036799
0.038147
0.039430
0.034656
0.039512
0.035373
0.036435
0.034103
0.032897
0.033661
0.032675
0.031944
0.033135
0.033665
0.034095
0.034207
0.032913
0.033438
0.034011
0.032839
0.033014
0.033233
0.032380
0.032774
0.031977
0.032344
0.032364
0.032467
0.032644
0.032888
0.032775
0.032456
0.032453
0.032635
0.032402
0.032733
0.032366
0.032579
0.032673
0.032475
0.032691
0.032785
0.032303
0.032438
0.032699
0.032483
0.032184
0.032006
0.032855
0.032549
0.032291
0.032226
0.032599
0.032091
0.032551
0.032989
0.032266
0.035052
0.035186
0.033851
0.037955
0.037825
0.044133
0.045469
0.044428
0.051214
0.049363
0.057399
0.057922
0.049417
0.059237
0.050581
0.045412
0.046700
0.045839
0.040776
0.045440
0.046937
0.045334
0.055210
0.058066
0.048852
0.056687
0.050705
0.044578
0.055593
0.050981
0.043843
0.055852
0.050611
0.047649
0.052315
0.048351
0.045369
0.049448
0.043490
0.037741
0.038023
0.036190
0.036872
0.038264
0.035913
0.037815
0.037791
0.035394
0.037518
0.036657
0.036801
0.036941
0.035607
0.036455
0.039625
0.040334
0.047080
0.046875
0.046886
0.049750
0.047436
0.047953
0.054212
0.048744
0.048020
0.055169
0.048871
0.046859
0.048731
0.044739
0.041185
0.039931
0.037240
0.036188
0.035335
0.035950
0.034869
0.036543
0.035606
0.034705
0.036284
0.034998
0.034746
0.035300
0.032752
0.032546
0.032557
0.033257
0.036090
0.043154
0.040194
0.036866
0.038344
0.042717
0.047816
0.046017
0.047735
0.050697
0.049951
0.046100
0.048565
0.043538
0.040929
0.046055
0.044217
0.042055
0.048152
0.043406
0.038297
0.038566
0.040785
0.040426
0.041841
0.045630
0.046634
0.044326
0.050631
0.051077
0.048252
0.048587
0.049010
0.047796
0.043462
0.050152
0.047421
0.045020
0.041476
0.041703
0.036440
0.034766
0.033327
0.033570
0.032599
0.033635
0.033003
0.035956
0.035497
0.040255
0.045495
0.043785
0.055025
0.048693
0.049169
0.053261
0.044672
0.041473
0.041752
0.039251
0.041207
0.040180
0.038478
0.042507
0.038302
0.044644
0.039144
0.048342
0.044576
0.045004
0.045038
0.042821
0.045730
0.039195
0.046243
0.038000
0.045958
0.039379
0.042297
0.038835
0.036951
0.036739
0.034324
0.036494
0.033994
0.035816
0.033271
0.035998
0.032953
0.035676
0.033597
0.033465
0.034452
0.033694
0.034285
0.034192
0.034480
0.032994
0.035157
0.033361
0.032572
0.033750
0.032961
0.033390
0.032586
0.033195
0.033181
0.032342
0.033367
0.032255
0.032491
0.033079
0.032899
0.032603
0.034380
0.032829
0.033895
0.032718
0.032656
0.033531
0.032586
0.032633
0.032442
0.032844
0.031986
0.032188
0.032215
0.031942
0.032320
0.032476
0.032170
0.032374
0.032684
0.032667
0.032537
0.032112
0.032121
0.032686
0.032306
0.031884
0.032163
0.032293
0.032119
0.032141
0.031854
0.032370
0.032287
0.032264
0.032615
0.032857
0.032225
0.031963
0.032092
0.032255
0.032301
0.032148
0.032291
0.032267
0.032048
0.032077
0.032104
0.032532
0.033147
0.032966
0.032683
0.032456
0.032593
0.033064
0.032246
0.032104
0.032315
0.031876
0.032383
0.032248
0.032121
0.032374
0.032487
0.032812
0.032544
0.032473
0.032102
0.031872
0.032244
0.032256
0.032049
0.032396
0.033566
0.034267
0.033098
0.032935
0.032118
0.032543
0.033499
0.034695
0.033301
0.032835
0.032743
0.033085
0.032158
0.032808
0.032863
0.033243
0.034193
0.034496
0.032300
0.032442
0.032264
0.032655
0.032285
0.032293
0.032069
0.032129
0.032198
0.032620
0.032411
0.033537
0.034148
0.034528
0.033439
0.033787
0.033484
0.034241
0.033463
0.033973
0.033377
0.034050
0.034513
0.034888
0.034091
0.033156
0.033176
0.032765
0.032915
0.032607
0.032299
0.032694
0.032270
0.032702
0.032997
0.033050
0.034212
0.033814
0.032241
0.032995
0.032812
0.033642
0.032825
0.032723
0.032978
0.032949
0.032376
0.032835
0.032603
0.033089
0.035387
0.034804
0.034025
0.033296
0.034346
0.035292
0.033537
0.033834
0.035957
0.034102
0.034377
0.034920
0.034424
0.034477
0.032536
0.033083
0.033846
0.034242
0.033301
0.034081
0.034907
0.033823
0.032601
0.033671
0.032748
0.032907
0.032331
0.032667
0.032756
0.032435
0.032873
0.032615
0.032874
0.032538
0.033715
0.033583
0.033600
0.033375
0.033010
0.032496
0.033034
0.033389
0.034008
0.033487
0.033546
0.032561
0.032685
0.032636
0.033166
0.033170
0.033720
0.034015
0.033677
0.034542
0.033888
0.035003
0.034491
0.033976
0.034446
0.033534
0.035001
0.033143
0.033802
0.034284
0.033056
0.034157
0.033262
0.034543
0.033678
0.033663
0.033752
0.033014
0.033841
0.034097
0.032731
0.033833
0.033234
0.034004
0.034676
0.033293
0.034929
0.033765
0.033376
0.033945
0.033087
0.034255
0.033279
0.032886
0.034223
0.032439
0.033718
0.032413
0.032042
0.032734
0.032352
0.031848
0.032122
0.032354
0.032149
0.033040
0.032331
0.032386
0.032347
0.032305
0.032093
0.032264
0.032348
0.032826
0.032817
0.032652
0.033283
0.033083
0.032619
0.033255
0.033438
0.033357
0.033546
0.033252
0.034111
0.033425
0.032793
0.033611
0.032863
0.033956
0.032569
0.033692
0.033706
0.034296
0.033353
0.032779
0.033051
0.032419
0.033128
0.032638
0.033393
0.032265
0.033432
0.032566
0.033879
0.033956
0.034012
0.034362
0.033820
0.035525
0.034079
0.034211
0.034274
0.033797
0.034191
0.033073
0.032744
0.033439
0.033335
0.033561
0.033156
0.032846
0.032773
0.032464
0.033094
0.033444
0.032888
0.033692
0.033131
0.032618
0.033694
0.032811
0.034433
0.033825
0.033798
0.033394
0.033290
0.034168
0.033883
0.033971
0.034583
0.034713
0.034967
0.034009
0.034099
0.033363
0.033930
0.032772
0.033252
0.032730
0.033183
0.033073
0.032851
0.032935
0.033223
0.034073
0.033734
0.034020
0.032950
0.033121
0.033437
0.032606
0.033627
0.033016
0.033384
0.033308
0.033688
0.033483
0.034732
0.033753
0.034172
0.033261
0.032914
0.033124
0.033302
0.032553
0.032748
0.032603
0.032972
0.033062
0.032339
0.032766
0.032491
0.032996
0.032657
0.032680
0.032600
0.032571
0.032295
0.033392
0.033355
0.033541
0.032424
0.032804
0.032530
0.032808
0.032590
0.032884
0.032904
0.032356
0.033265
0.032626
0.032363
0.033266
0.033172
0.032279
0.032346
0.033459
0.033335
0.032800
0.032897
0.032459
0.033093
0.032667
0.033112
0.032632
0.032980
0.032593
0.032837
0.033023
0.032754
0.032780
0.033600
0.032949
0.033118
0.032775
0.032975
0.032718
0.032566
0.032454
0.032537
0.032993
0.032505
0.032679
0.032867
0.033229
0.033072
0.032841
0.032868
0.032972
0.033194
0.032442
0.033009
0.033512
0.033039
0.033406
0.032542
0.033165
0.032675
0.032365
0.032443
0.032391
0.032493
0.032190
0.032191
0.032860
0.033036
0.032619
0.032836
0.032664
0.032236
0.032279
0.032673
0.033810
0.032358
0.032429
0.032471
0.032929
0.032359
0.032999
0.032567
0.033189
0.032856
0.032289
0.032684
0.032591
0.032253
0.032836
0.032895
0.032369
0.032203
0.032552
0.032092
0.032570
0.031804
0.032884
0.032201
0.032523
0.032271
0.032504
0.032227
0.032526
0.031748
0.032182
0.032816
0.032351
0.032268
0.031819
0.032565
0.032312
0.033217
0.033035
0.033562
0.032539
0.032676
0.032993
0.032314
0.031869
0.032246
0.032094
0.032713
0.032248
0.032384
0.033076
0.033895
0.033052
0.032300
0.032312
0.032078
0.031980
0.032474
0.032375
0.032338
0.032177
0.032763
0.032479
0.032436
0.032496
0.032122
0.032158
0.032533
0.032988
0.032740
0.032095
0.032705
0.032602
0.032414
0.031957
0.032755
0.032277
0.032225
0.033171
0.032614
0.032299
0.032143
0.033583
0.032697
0.032017
0.032901
0.032792
0.032798
0.032082
0.033223
0.032958
0.033515
0.032820
0.032343
0.032341
0.032631
0.032500
0.032759
0.032438
0.032604
0.032007
0.032006
0.031813
0.032663
0.032247
0.031991
0.032154
0.031911
0.031942
0.031721
0.032364
0.032104
0.031852
0.032996
0.033027
0.032309
0.031970
0.032152
0.032340
0.032029
0.031928
0.031940
0.032352
0.033073
0.033702
0.033187
0.033221
0.033447
0.033093
0.032952
0.032470
0.032708
0.032661
0.032157
0.032081
0.032244
0.032186
0.031935
0.032433
0.032986
0.032644
0.032668
0.033377
0.033773
0.033358
0.032550
0.031990
0.031833
0.032226
0.032296
0.032113
0.032252
0.032162
0.032392
0.032545
0.032136
0.031908
0.031867
0.032214
0.032505
0.032742
0.032669
0.032994
0.033082
0.033315
0.034026
0.033307
0.032955
0.032129
0.032399
0.032302
0.032102
0.031905
0.032168
0.032181
0.032055
0.032525
0.032010
0.033742
0.034556
0.033413
0.033661
0.033829
0.032844
0.032072
0.032051
0.032446
0.032595
0.032503
0.032665
0.033136
0.032417
0.032168
0.032015
0.032158
0.032133
0.032670
0.033047
0.032952
0.032559
0.032130
0.032040
0.032191
0.032430
0.032322
0.032011
0.032090
0.032493
0.032523
0.032756
0.032433
0.032506
0.032290
0.031848
0.032209
0.033147
0.033073
0.032774
0.033059
0.033741
0.033334
0.032645
0.032053
0.032348
0.032294
0.033376
0.032858
0.032721
0.032785
0.032563
0.032369
0.032257
0.032117
0.032141
0.032237
0.032708
0.032520
0.032795
0.032461
0.032487
0.032323
0.032496
0.032513
0.031907
0.032352
0.031842
0.031899
0.031962
0.032438
0.032201
0.032417
0.032545
0.032972
0.032749
0.032305
0.031950
0.032036
0.033250
0.032484
0.032274
0.032421
0.032678
0.035608
0.037488
0.039466
0.040313
0.041968
0.039496
0.045059
0.042892
0.044125
0.047461
0.044330
0.046862
0.045699
0.045654
0.048987
0.046834
0.047504
0.050053
0.045912
0.050508
0.048125
0.048791
0.052429
0.047266
0.062827
0.062768
0.055508
0.059018
0.063071
0.059548
0.058273
0.062212
0.059819
0.060041
0.063767
0.060635
0.062805
0.060191
0.060801
0.059841
0.059613
0.062793
0.062031
0.059784
0.054859
0.039776
0.035544
0.035168
0.036748
0.049863
0.055795
0.055807
0.060834
0.065732
0.064923
0.061568
0.059466
0.057105
0.056750
0.062628
0.061312
0.055585
0.056132
0.053388
0.049672
0.048662
0.049336
0.036028
0.036987
0.037226
0.038000
0.038638
0.039467
0.041757
0.041334
0.039648
0.039433
0.039417
0.040915
0.041845
0.042008
0.040722
0.039920
0.040775
0.042039
0.039345
0.038644
0.038388
0.035413
0.033440
0.035372
0.033617
0.032350
0.032098
0.033469
0.032764
0.032830
0.032319
0.033468
0.032687
0.032435
0.032163
0.032376
0.032221
0.032183
0.033232
0.032120
0.034918
0.036588
0.038511
0.043507
0.043721
0.043280
0.044877
0.046639
0.045809
0.046201
0.047595
0.043291
0.046106
0.047042
0.039521
0.038202
0.036908
0.036226
0.037771
0.035405
0.034930
0.035777
0.034438
0.032849
0.033459
0.033214
0.032732
0.033400
0.032873
0.035321
0.035552
0.040118
0.036357
0.034713
0.034486
0.035473
0.036166
0.036046
0.035241
0.034733
0.035567
0.036658
0.037726
0.037177
0.038165
0.038036
0.039508
0.037914
0.037556
0.036504
0.035185
0.038686
0.038258
0.035343
0.036374
0.036648
0.041131
0.044897
0.037662
0.039043
0.040545
0.050102
0.045903
0.051185
0.048914
0.051376
0.051611
0.047914
0.052175
0.046694
0.047558
0.049195
0.043389
0.042905
0.045858
0.041640
0.040097
0.039933
0.044929
0.041913
0.041077
0.042745
0.042254
0.036921
0.041743
0.042488
0.038075
0.040403
0.044015
0.041005
0.039630
0.041609
0.037602
0.038934
0.041623
0.039646
0.039859
0.039339
0.036347
0.037340
0.035650
0.036734
0.035215
0.034653
0.036595
0.035917
0.035183
0.035921
0.033874
0.034743
0.038596
0.041107
0.046888
0.047636
0.059104
0.056158
0.052957
0.059509
0.059322
0.068424
0.066799
0.056911
0.069087
0.058139
0.058142
0.061426
0.056556
0.057599
0.061181
0.054881
0.063077
0.059590
0.051875
0.054333
0.053412
0.051288
0.050751
0.048935
0.044413
0.049627
0.045058
0.056779
0.060241
0.060426
0.072409
0.059801
0.056578
0.061702
0.054135
0.061036
0.058895
0.053408
0.064029
0.056059
0.054887
0.060980
0.053748
0.058172
0.055900
0.050354
0.048944
0.036322
0.034360
0.035524
0.034534
0.037858
0.042950
0.040738
0.043151
0.037704
0.034287
0.035334
0.037288
0.046674
0.047368
0.039103
0.039119
0.036376
0.036526
0.038611
0.037382
0.036235
0.037717
0.037685
0.036267
0.039239
0.038743
0.038918
0.036546
0.038621
0.040430
0.039814
0.038718
0.037381
0.037096
0.037563
0.039408
0.040503
0.037273
0.036662
0.035959
0.037423
0.036259
0.037566
0.038886
0.037047
0.044537
0.047572
0.049190
0.044086
0.046411
0.046703
0.046360
0.045415
0.042041
0.042951
0.038033
0.033172
0.034468
0.032818
0.033731
0.033179
0.033206
0.033329
0.032697
0.032469
0.033011
0.032347
0.033342
0.032785
0.032371
0.032385
0.032549
0.032738
0.032650
0.032762
0.032566
0.033422
0.038390
0.038473
0.043493
0.046357
0.046807
0.051375
0.043250
0.049929
0.044047
0.049908
0.050176
0.045673
0.052566
0.045361
0.050867
0.049131
0.044341
0.049939
0.042527
0.041306
0.040004
0.037106
0.039141
0.038739
0.038627
0.038440
0.037901
0.038808
0.037481
0.041530
0.039181
0.039058
0.043567
0.042661
0.050253
0.044440
0.051955
0.045145
0.044824
0.047364
0.041575
0.048847
0.042614
0.046756
0.043076
0.041981
0.043562
0.041052
0.043624
0.040315
0.044176
0.039589
0.037004
0.033190
0.033492
0.032801
0.033395
0.032963
0.032296
0.032134
0.032542
0.032323
0.033408
0.034109
0.032689
0.032409
0.032584
0.032027
0.032186
0.032523
0.033097
0.032831
0.032226
0.032853
0.032288
0.033403
0.032722
0.032715
0.032157
0.033083
0.032578
0.032614
0.032254
0.032793
0.032505
0.032915
0.032757
0.032933
0.032562
0.032726
0.032597
0.033158
0.033064
0.032728
0.032583
0.032664
0.032663
0.031995
0.032239
0.032335
0.032050
0.032141
0.032571
0.032626
0.033014
0.032389
0.032212
0.033103
0.032767
0.032924
0.032275
0.032411
0.032600
0.032104
0.032294
0.032537
0.033144
0.032190
0.032618
0.032786
0.032500
0.032940
0.032868
0.033340
0.032957
0.032855
0.032873
0.032337
0.032275
0.032295
0.032311
0.032520
0.032155
0.032098
0.033044
0.032761
0.033415
0.033462
0.033129
0.033147
0.032775
0.032850
0.032226
0.032649
0.032964
0.033090
0.033555
0.033513
0.032837
0.032343
0.032562
0.032365
0.032524
0.032589
0.033577
0.032973
0.032380
0.033904
0.032834
0.032347
0.031924
0.032172
0.032227
0.032293
0.032665
0.032503
0.032836
0.032360
0.032597
0.032620
0.034154
0.033602
0.032988
0.032383
0.032682
0.033067
0.032959
0.032472
0.034113
0.033530
0.032728
0.033402
0.032592
0.032738
0.033606
0.033539
0.032420
0.032791
0.032310
0.032574
0.032060
0.032409
0.032435
0.032498
0.032576
0.032539
0.032789
0.032730
0.032395
0.033189
0.033113
0.033909
0.032450
0.033372
0.033868
0.032937
0.032772
0.032804
0.032252
0.032245
0.032845
0.033268
0.033283
0.033324
0.033823
0.032695
0.032566
0.033206
0.032474
0.033004
0.032362
0.033038
0.032829
0.032718
0.032279
0.032552
0.032440
0.032309
0.032873
0.032837
0.032254
0.032715
0.032262
0.031977
0.032576
0.032189
0.033117
0.032987
0.032452
0.032241
0.032755
0.032240
0.032106
0.032674
0.032192
0.032092
0.032122
0.032348
0.033027
0.032448
0.032854
0.033555
0.036077
0.035847
0.036140
0.034686
0.035313
0.043839
0.049538
0.052925
0.056145
0.053216
0.054123
0.057944
0.051604
0.050673
0.045916
0.045705
0.041555
0.039871
0.042262
0.042285
0.041463
0.043762
0.040805
0.039657
0.040993
0.037143
0.037210
0.035933
0.035423
0.038172
0.037265
0.034650
0.035653
0.041213
0.038949
0.037500
0.038350
0.035950
0.037183
0.041800
0.038960
0.044860
0.037409
0.039480
0.037414
0.040514
0.044427
0.036899
0.039512
0.036934
0.039993
0.044151
0.040484
0.045305
0.049539
0.053705
0.054110
0.053461
0.054602
0.052569
0.047362
0.040832
0.036670
0.034563
0.034672
0.033279
0.033539
0.032631
0.032437
0.032338
0.032585
0.032609
0.032957
0.032353
0.032027
0.032067
0.032598
0.032647
0.032123
0.032175
0.032134
0.032509
0.032279
0.031840
0.032525
0.032179
0.033445
0.033177
0.033304
0.032891
0.037246
0.036520
0.036703
0.046215
0.042285
0.042059
0.043927
0.041834
0.041089
0.045057
0.041616
0.041276
0.046131
0.043859
0.043153
0.048411
0.048697
0.047907
0.052465
0.056787
0.057618
0.059210
0.053238
0.054922
0.050794
0.051707
0.054730
0.052586
0.052063
0.050146
0.052999
0.050390
0.050224
0.050705
0.051551
0.052415
0.049773
0.051616
0.050969
0.052417
0.049898
0.048284
0.050424
0.050333
0.051941
0.051781
0.051253
0.048136
0.039402
0.034246
0.033358
0.033406
0.035554
0.041195
0.041549
0.037394
0.036403
0.038388
0.034665
0.034086
0.036529
0.034529
0.033687
0.033645
0.034591
0.035839
0.034614
0.034967
0.034486
0.032865
0.032776
0.034385
0.035969
0.034102
0.035827
0.035317
0.034654
0.036681
0.035613
0.033347
0.033664
0.034506
0.034018
0.033729
0.033998
0.033322
0.032654
0.033552
0.033247
0.032583
0.032964
0.032901
0.033359
0.032450
0.032409
0.032002
0.031867
0.032137
0.032348
0.032498
0.032664
0.033447
0.032710
0.033079
0.032458
0.032532
0.032427
0.032516
0.034130
0.045452
0.050749
0.045318
0.055906
0.049268
0.047396
0.050339
0.049447
0.048622
0.053310
0.046539
0.055627
0.048195
0.043565
0.036778
0.034697
0.035371
0.034115
0.034031
0.033959
0.033702
0.033316
0.033190
0.033248
0.033275
0.032391
0.032843
0.032391
0.035697
0.036685
0.040450
0.039098
0.043311
0.045386
0.045647
0.043549
0.044303
0.046822
0.045448
0.044609
0.045956
0.045023
0.036057
0.036072
0.034807
0.034342
0.034361
0.032899
0.032920
0.032163
0.032253
0.032591
0.032577
0.033060
0.032603
0.034770
0.038372
0.037050
0.033152
0.033707
0.033328
0.033771
0.034947
0.034143
0.033692
0.034274
0.033954
0.034418
0.035090
0.034802
0.034775
0.034028
0.035480
0.036591
0.037478
0.036870
0.036371
0.037814
0.037464
0.038219
0.037103
0.035936
0.036373
0.036524
0.036129
0.034757
0.034251
0.033935
0.036228
0.038958
0.038758
0.041334
0.043065
0.043321
0.044983
0.042837
0.043540
0.043390
0.041108
0.041385
0.038967
0.040399
0.039459
0.037808
0.039261
0.038916
0.036433
0.039652
0.038896
0.036646
0.039964
0.038634
0.038128
0.038249
0.036782
0.038739
0.038540
0.036194
0.038974
0.036847
0.037124
0.037309
0.035403
0.037631
0.037968
0.036344
0.036119
0.034171
0.033954
0.037556
0.033115
0.032668
0.031881
0.032223
0.032095
0.032031
0.032125
0.032279
0.032340
0.032597
0.034141
0.033146
0.032594
0.032005
0.032387
0.032261
0.032542
0.032290
0.032088
0.032355
0.032143
0.032386
0.039009
0.038861
0.044550
0.041314
0.039842
0.045312
0.041623
0.042953
0.043562
0.038682
0.038543
0.037985
0.042317
0.041595
0.037734
0.041947
0.037894
0.041641
0.040578
0.038892
0.041443
0.037384
0.040809
0.036126
0.038363
0.037618
0.036344
0.035399
0.037922
0.040276
0.038721
0.040996
0.041747
0.038923
0.042504
0.038316
0.042681
0.040100
0.041116
0.040446
0.038905
0.039032
0.035395
0.033993
0.032440
0.033582
0.032596
0.033786
0.033243
0.033254
0.032630
0.033218
0.033748
0.032926
0.032872
0.032102
0.032335
0.032672
0.032105
0.032367
0.032098
0.032722
0.032075
0.032249
0.032240
0.033321
0.033817
0.034216
0.034267
0.032914
0.032931
0.034420
0.033555
0.032075
0.032419
0.033000
0.032517
0.033013
0.032383
0.032302
0.032543
0.033456
0.032583
0.032676
0.032907
0.032581
0.032258
0.032650
0.032449
0.032036
0.032608
0.032617
0.032279
0.032824
0.032806
0.034201
0.035563
0.033689
0.035137
0.035814
0.035392
0.034135
0.035068
0.034227
0.032896
0.031921
0.032509
0.033757
0.033858
0.034110
0.032946
0.032118
0.032403
0.032458
0.033045
0.032131
0.032734
0.032404
0.032552
0.032567
0.032014
0.032044
0.032541
0.033326
0.033298
0.033095
0.032858
0.032235
0.032283
0.032104
0.032812
0.032666
0.033899
0.034252
0.032589
0.032355
0.032536
0.032367
0.032374
0.032732
0.032615
0.033280
0.033362
0.033386
0.032392
0.032163
0.032378
0.032024
0.032228
0.032581
0.031913
0.032193
0.033559
0.034909
0.034280
0.033478
0.033316
0.035039
0.033852
0.033186
0.033465
0.035145
0.035319
0.033639
0.034526
0.034156
0.034411
0.034755
0.033966
0.032406
0.031906
0.032557
0.032063
0.032503
0.032352
0.033125
0.034797
0.034835
0.034602
0.033454
0.032922
0.032439
0.033284
0.034155
0.033517
0.033959
0.033442
0.031833
0.032183
0.032007
0.032383
0.032486
0.032799
0.033064
0.033495
0.034660
0.034425
0.033089
0.032178
0.032288
0.032268
0.032805
0.032469
0.032980
0.033176
0.032580
0.032260
0.031928
0.032445
0.032568
0.032366
0.032312
0.032326
0.032816
0.032607
0.033153
0.033423
0.034028
0.033355
0.032579
0.032218
0.031863
0.032046
0.032241
0.032508
0.032771
0.032449
0.032571
0.032703
0.032685
0.032074
0.031999
0.033344
0.033265
0.032664
0.033643
0.034013
0.032457
0.032262
0.032451
0.032015
0.032644
0.032233
0.033161
0.033449
0.032921
0.032590
0.032651
0.032648
0.032536
0.033230
0.032999
0.033117
0.032289
0.031722
0.032044
0.031967
0.032333
0.032916
0.032468
0.032348
0.032200
0.032503
0.032176
0.032785
0.032272
0.032792
0.031955
0.032597
0.034168
0.034759
0.034861
0.034370
0.032869
0.034774
0.035567
0.034788
0.038003
0.035831
0.038997
0.042813
0.037156
0.044797
0.042572
0.040171
0.048417
0.045914
0.041785
0.047795
0.049374
0.042814
0.044652
0.048735
0.046129
0.042110
0.048128
0.046541
0.041269
0.046474
0.044204
0.041921
0.045496
0.038369
0.044456
0.040808
0.039481
0.037543
0.034577
0.035776
0.034933
0.035139
0.034989
0.035419
0.035955
0.035035
0.036378
0.034503
0.036359
0.034635
0.036270
0.037038
0.036023
0.037075
0.036407
0.036916
0.040909
0.041416
0.046866
0.047420
0.043647
0.047072
0.049298
0.046776
0.043684
0.050798
0.049722
0.043386
0.049918
0.051954
0.052801
0.043792
0.056273
0.054073
0.053506
0.048020
0.053493
0.047729
0.045994
0.046831
0.043525
0.049726
0.049520
0.049767
0.044887
0.042335
0.036773
0.036000
0.035196
0.039759
0.043688
0.045992
0.047134
0.046271
0.048741
0.051467
0.048467
0.050413
0.050994
0.051609
0.050765
0.051888
0.048905
0.053483
0.052980
0.050586
0.054222
0.050932
0.051181
0.048119
0.047826
0.046939
0.045825
0.043496
0.041494
0.041872
0.042133
0.041431
0.039833
0.039095
0.038278
0.038208
0.037598
0.038652
0.039372
0.039265
0.038109
0.039530
0.039323
0.037591
0.038268
0.036728
0.036142
0.036631
0.034110
0.033287
0.033440
0.034486
0.033982
0.033858
0.033780
0.032594
0.032686
0.032368
0.032329
0.033556
0.034593
0.034982
0.035316
0.035810
0.038081
0.036909
0.038275
0.038181
0.037061
0.039368
0.039017
0.039776
0.036824
0.038334
0.040077
0.038742
0.039674
0.039141
0.040668
0.037856
0.039075
0.040813
0.037653
0.038867
0.039108
0.035538
0.036799
0.035997
0.036914
0.037655
0.038960
0.040014
0.039121
0.039070
0.037831
0.036534
0.035512
0.036750
0.038109
0.036025
0.037151
0.036630
0.035745
0.035820
0.041088
0.050429
0.046927
0.049712
0.043747
0.047730
0.044517
0.048763
0.047137
0.045179
0.045588
0.047293
0.044373
0.035012
0.036252
0.033829
0.033827
0.033046
0.033125
0.034469
0.034585
0.032783
0.033508
0.034139
0.038964
0.044429
0.039851
0.045370
0.044942
0.045449
0.043039
0.042848
0.041077
0.041463
0.041102
0.039092
0.038217
0.036545
0.039657
0.037836
0.040766
0.038303
0.039231
0.036204
0.039172
0.038809
0.037248
0.039299
0.042665
0.039421
0.050495
0.051379
0.046507
0.059067
0.051374
0.052361
0.056229
0.047668
0.047170
0.035613
0.036386
0.035173
0.032991
0.033479
0.032939
0.032951
0.032800
0.032840
0.033248
0.032602
0.033651
0.053653
0.070401
0.053482
0.048585
0.048295
0.052609
0.050548
0.050272
0.056575
0.052816
0.058417
0.056677
0.054551
0.054906
0.057945
0.059310
0.060277
0.058584
0.057778
0.058878
0.059277
0.061146
0.060872
0.059178
0.057342
0.055102
0.053089
0.052530
0.049668
0.049536
0.045607
0.040616
0.039212
0.038202
0.036747
0.038380
0.036260
0.036926
0.037470
0.036935
0.035521
0.034908
0.035209
0.034481
0.035393
0.034242
0.034180
0.034598
0.034313
0.035719
0.036446
0.037833
0.039192
0.037182
0.036338
0.035040
0.034425
0.033371
0.033205
0.032903
0.032601
0.032453
0.033531
0.033485
0.033294
0.032833
0.033224
0.033563
0.033379
0.033325
0.033808
0.033368
0.033312
0.033250
0.032620
0.033486
0.033721
0.032728
0.032534
0.032713
0.032479
0.032104
0.032540
0.032623
0.032061
0.032907
0.032448
0.032225
0.032678
0.032065
0.032370
0.032340
0.032588
0.032558
0.032260
0.032529
0.032498
0.032122
0.032532
0.032243
0.032234
0.032084
0.032448
0.032298
0.032666
0.032673
0.032533
0.032277
0.033085
0.032773
0.032658
0.032670
0.032821
0.032530
0.032671
0.032476
0.032637
0.032776
0.032764
0.032662
0.033159
0.032742
0.032729
0.032403
0.032858
0.032687
0.032807
0.032342
0.032372
0.032401
0.032945
0.033725
0.033902
0.033160
0.033549
0.033053
0.033304
0.032802
0.032400
0.031940
0.032062
0.032129
0.032363
0.032330
0.034459
0.035330
0.034890
0.049246
0.049163
0.036476
0.040212
0.037265
0.040486
0.042723
0.039331
0.043036
0.043513
0.041871
0.041164
0.036585
0.039222
0.044729
0.048768
0.046716
0.049858
0.044361
0.048864
0.045658
0.045387
0.036733
0.035871
0.035081
0.033815
0.032788
0.033424
0.034120
0.042849
0.081426
0.051417
0.050335
0.059318
0.060910
0.055477
0.057657
0.058415
0.053623
0.060114
0.056690
0.053852
0.051037
0.051230
0.051089
0.045104
0.040718
0.040335
0.039198
0.038773
0.041021
0.039747
0.040113
0.040663
0.039915
0.038382
0.039323
0.039591
0.037779
0.037733
0.038240
0.034959
0.037111
0.040335
0.040929
0.040760
0.044269
0.047339
0.051651
0.051404
0.050440
0.049764
0.049569
0.049371
0.049181
0.049730
0.050345
0.051943
0.051925
0.052291
0.053577
0.053265
0.053413
0.049315
0.040947
0.040695
0.046930
0.046723
0.041004
0.041643
0.039972
0.041228
0.040815
0.039650
0.036715
0.037365
0.036678
0.035406
0.037351
0.037242
0.038606
0.037341
0.036113
0.034885
0.035095
0.038754
0.043959
0.046463
0.050145
0.051802
0.050039
0.047437
0.047037
0.046834
0.046985
0.048437
0.046581
0.048572
0.045037
0.046114
0.046359
0.047671
0.044922
0.047176
0.045074
0.044515
0.044712
0.045651
0.047979
0.046759
0.051541
0.053265
0.055894
0.055275
0.054103
0.050487
0.052751
0.050538
0.049790
0.052529
0.049552
0.054187
0.054464
0.055606
0.055772
0.053452
0.051517
0.053520
0.052151
0.053220
0.058866
0.058992
0.043651
0.037337
0.035124
0.035122
0.035369
0.039279
0.040974
0.043885
0.044027
0.042793
0.042510
0.040195
0.041113
0.041724
0.043161
0.044526
0.046286
0.046089
0.048665
0.046169
0.049039
0.045197
0.046121
0.044485
0.042138
0.044712
0.042145
0.040258
0.038287
0.039679
0.037456
0.037143
0.036933
0.038191
0.037941
0.039203
0.039699
0.041059
0.042918
0.043199
0.042919
0.049058
0.049796
0.045880
0.046751
0.046061
0.046328
0.040025
0.039132
0.037168
0.036186
0.037631
0.036378
0.038175
0.038843
0.040465
0.040900
0.044589
0.043023
0.043079
0.041154
0.047959
0.044584
0.042671
0.042826
0.047788
0.045232
0.045328
0.045319
0.050350
0.043023
0.037081
0.034657
0.032875
0.032970
0.033147
0.032483
0.033238
0.032438
0.032678
0.032645
0.033414
0.032778
0.038366
0.050828
0.052917
0.052783
0.051918
0.054966
0.048158
0.047695
0.047203
0.046077
0.047834
0.046686
0.044337
0.044832
0.043527
0.045957
0.044192
0.045223
0.042254
0.045899
0.044649
0.043915
0.040060
0.045912
0.045075
0.043775
0.040769
0.045662
0.044123
0.042791
0.041515
0.041739
0.039233
0.036627
0.037648
0.038569
0.036611
0.037445
0.038020
0.035170
0.037908
0.038714
0.034845
0.036782
0.037375
0.034862
0.036796
0.035164
0.035148
0.037095
0.035135
0.035206
0.037352
0.034639
0.036523
0.035495
0.035202
0.036992
0.034174
0.035335
0.035055
0.034340
0.035133
0.034113
0.036579
0.034551
0.034644
0.035790
0.034999
0.036067
0.034626
0.035658
0.035157
0.033727
0.033166
0.032194
0.033456
0.033517
0.033536
0.033180
0.032325
0.033207
0.033184
0.033330
0.032778
0.033023
0.032577
0.032939
0.032195
0.032674
0.032643
0.032796
0.032735
0.033155
0.036362
0.037303
0.048446
0.047146
0.046199
0.047739
0.048305
0.049774
0.044371
0.045068
0.046202
0.045573
0.035498
0.036961
0.037021
0.036555
0.040188
0.042736
0.042046
0.041295
0.039200
0.040698
0.039733
0.042268
0.042475
0.042925
0.047679
0.045933
0.047881
0.046489
0.044698
0.047133
0.044937
0.046799
0.047344
0.043621
0.047512
0.045575
0.044503
0.040499
0.038682
0.038787
0.037298
0.037315
0.036183
0.036441
0.036143
0.033903
0.033314
0.032751
0.032358
0.032223
0.034526
0.036559
0.037085
0.035951
0.038114
0.039906
0.037207
0.039931
0.038969
0.041006
0.038942
0.047259
0.043995
0.045364
0.047852
0.043087
0.046992
0.046178
0.041312
0.047523
0.044205
0.039441
0.037547
0.032875
0.035491
0.034023
0.035619
0.033772
0.034690
0.033677
0.032888
0.033649
0.032749
0.034456
0.039197
0.036782
0.044389
0.040349
0.040133
0.041557
0.041425
0.045327
0.047401
0.046395
0.054322
0.048925
0.047985
0.054436
0.045277
0.057827
0.050308
0.052968
0.052866
0.046877
0.052525
0.044144
0.069875
0.059029
0.041403
0.041278
0.042943
0.039316
0.059607
0.102618
0.069896
0.066743
0.074453
0.064898
0.055382
0.052659
0.058753
0.053208
0.049364
0.055903
0.054130
0.052935
0.054502
0.051926
0.048953
0.038028
0.037218
0.035983
0.034715
0.034805
0.037902
0.037362
0.042779
0.047725
0.049208
0.053283
0.054566
0.056110
0.057205
0.058046
0.059076
0.057155
0.057317
0.058326
0.058088
0.055024
0.054682
0.051322
0.050547
0.048286
0.044866
0.042870
0.041716
0.040442
0.039784
0.039217
0.039042
0.040357
0.039579
0.038056
0.037174
0.036536
0.035771
0.035618
0.036000
0.034295
0.036939
0.034755
0.035826
0.034929
0.036401
0.033846
0.034808
0.035138
0.034768
0.034681
0.034213
0.033043
0.033061
0.033342
0.033082
0.033267
0.032909
0.032901
0.033472
0.033024
0.032391
0.032418
0.032858
0.032286
0.032858
0.032787
0.032765
0.032394
0.032619
0.032901
0.032699
0.032703
0.033252
0.033626
0.032834
0.032772
0.033466
0.032455
0.032913
0.032690
0.033065
0.032315
0.032066
0.032347
0.032605
0.032196
0.032203
0.032265
0.032157
0.032481
0.032521
0.032086
0.032454
0.032391
0.032523
0.032208
0.032681
0.033212
0.033117
0.033655
0.033826
0.032922
0.033124
0.033135
0.033445
0.032972
0.033805
0.034538
0.034344
0.033524
0.033368
0.033570
0.032647
0.032727
0.033101
0.032441
0.032397
0.033638
0.033444
0.032838
0.032890
0.033370
0.034204
0.037164
0.036921
0.038346
0.041062
0.040851
0.049531
0.051895
0.047899
0.047961
0.047438
0.048432
0.051650
0.050376
0.051250
0.050484
0.051530
0.048968
0.055177
0.056664
0.051118
0.050141
0.047434
0.043259
0.042186
0.039357
0.038347
0.037950
0.035681
0.037479
0.037019
0.036470
0.036592
0.037581
0.037286
0.038230
0.038674
0.038839
0.045818
0.043480
0.047118
0.045460
0.043630
0.043904
0.045974
0.042192
0.047435
0.042516
0.043388
0.041125
0.034739
0.035372
0.033915
0.033066
0.032642
0.032904
0.032603
0.033506
0.032853
0.032566
0.032865
0.032107
0.033070
0.033705
0.033292
0.032949
0.035522
0.041950
0.056069
0.055402
0.052872
0.050482
0.050804
0.051334
0.055325
0.055733
0.054288
0.054019
0.053085
0.052542
0.058158
0.061282
0.061782
0.063972
0.059110
0.063709
0.057443
0.059985
0.061636
0.060941
0.061916
0.059385
0.058341
0.054910
0.056447
0.056777
0.053494
0.051473
0.055043
0.055877
0.054886
0.056883
0.058226
0.058615
0.057973
0.061957
0.060097
0.057966
0.056573
0.052108
0.049953
0.050985
0.048265
0.047689
0.048786
0.047915
0.047792
0.047249
0.048402
0.046741
0.046711
0.046747
0.047635
0.048025
0.048053
0.045923
0.046198
0.045782
0.045765
0.044383
0.045445
0.043312
0.045157
0.046130
0.046929
0.046931
0.045373
0.044370
0.043059
0.042578
0.039533
0.035551
0.035744
0.035871
0.034275
0.035387
0.034628
0.034054
0.033915
0.033628
0.032744
0.033871
0.033463
0.033991
0.034050
0.033296
0.033025
0.033404
0.032941
0.032425
0.034734
0.036025
0.035069
0.038574
0.040040
0.043123
0.042668
0.048918
0.051892
0.050687
0.052023
0.055386
0.052888
0.058187
0.056889
0.055107
0.050211
0.050233
0.047601
0.045118
0.042484
0.039836
0.035865
0.034608
0.034118
0.034289
0.033493
0.034614
0.034371
0.033572
0.032736
0.036520
0.035637
0.040920
0.046066
0.049883
0.051783
0.055965
0.051101
0.050682
0.052389
0.053914
0.053255
0.050973
0.052132
0.051236
0.049130
0.048965
0.044569
0.046343
0.044083
0.040432
0.038670
0.037125
0.036072
0.037934
0.037811
0.035331
0.035973
0.035738
0.034334
0.037069
0.034867
0.034749
0.037896
0.037617
0.039943
0.040363
0.038303
0.039264
0.042392
0.042184
0.044472
0.062409
0.055283
0.049679
0.056045
0.052242
0.048894
0.056062
0.043110
0.048238
0.047084
0.041846
0.044569
0.038404
0.041590
0.041353
0.037985
0.039821
0.035133
0.039141
0.036293
0.037724
0.038426
0.036647
0.038015
0.036111
0.037548
0.036972
0.036833
0.036750
0.037177
0.035750
0.035559
0.036862
0.034435
0.036279
0.034653
0.035963
0.035528
0.038014
0.035379
0.036444
0.034997
0.036673
0.035484
0.035982
0.036058
0.036172
0.036359
0.037027
0.035607
0.038192
0.036473
0.036804
0.035037
0.035345
0.034233
0.035628
0.033710
0.033800
0.033319
0.034147
0.034232
0.033398
0.032516
0.032453
0.032541
0.033151
0.032539
0.033640
0.032550
0.032478
0.032620
0.032512
0.033167
0.033554
0.033042
0.033991
0.033545
0.032532
0.033123
0.033453
0.033115
0.032902
0.033751
0.033987
0.032448
0.032453
0.032938
0.032717
0.032989
0.033107
0.032845
0.032400
0.032887
0.032870
0.033038
0.033625
0.033506
0.032590
0.032261
0.032643
0.032823
0.033140
0.032212
0.032913
0.032558
0.032537
0.032780
0.032154
0.032460
0.033497
0.032421
0.032241
0.032860
0.032380
0.032704
0.033186
0.033688
0.033591
0.033773
0.034471
0.035077
0.035775
0.036397
0.036757
0.036869
0.036650
0.037744
0.037002
0.036269
0.036169
0.033844
0.034068
0.033261
0.032964
0.032600
0.032933
0.032634
0.033152
0.032225
0.032286
0.032637
0.032644
0.034128
0.037033
0.038663
0.039641
0.040971
0.040925
0.039571
0.038489
0.036802
0.036676
0.036261
0.034319
0.033157
0.033418
0.032976
0.033543
0.032787
0.033144
0.032415
0.033218
0.032753
0.032634
0.033187
0.033987
0.033747
0.034244
0.033342
0.034185
0.034762
0.034192
0.034580
0.034569
0.035879
0.035995
0.035246
0.036117
0.034186
0.035133
0.034677
0.033663
0.035302
0.034253
0.033910
0.034123
0.033531
0.032637
0.033621
0.033553
0.034041
0.033350
0.033789
0.034158
0.032560
0.032905
0.032129
0.032888
0.032796
0.032262
0.033475
0.033337
0.032816
0.032711
0.032347
0.032634
0.033746
0.032863
0.032621
0.032362
0.033299
0.033243
0.032196
0.033115
0.032254
0.032351
0.032310
0.033080
0.032975
0.032504
0.032576
0.032575
0.032250
0.033065
0.032342
0.032860
0.033480
0.033517
0.032915
0.032655
0.032059
0.032662
0.032467
0.032290
0.032396
0.032502
0.032891
0.032917
0.032447
0.032336
0.032183
0.032341
0.032483
0.032236
0.032053
0.032363
0.032780
0.032893
0.032526
0.033579
0.032413
0.032440
0.033203
0.033695
0.032514
0.032116
0.032876
0.032884
0.032326
0.032655
0.038416
0.037527
0.047140
0.050985
0.040050
0.038128
0.049904
0.052086
0.042389
0.034056
0.040619
0.050073
0.049216
0.040343
0.035266
0.042580
0.044028
0.040755
0.033515
0.034463
0.036742
0.037951
0.035450
0.033217
0.036935
0.039294
0.041479
0.037499
0.032400
0.035146
0.036901
0.037305
0.034950
0.032956
0.032317
0.033243
0.033890
0.032044
0.033652
0.035200
0.033549
0.032415
0.032271
0.031957
0.032309
0.032464
0.032138
0.032120
0.032692
0.033392
0.033443
0.032870
0.032502
0.031998
0.032572
0.033234
0.032447
0.033147
0.032432
0.032190
0.032730
0.032929
0.033115
0.033430
0.033384
0.033140
0.032865
0.032255
0.033061
0.033297
0.033121
0.033138
0.032344
0.032489
0.032878
0.032138
0.032903
0.032490
0.032380
0.032133
0.032317
0.032505
0.033236
0.033534
0.031999
0.031801
0.032528
0.033014
0.032623
0.032733
0.032137
0.032176
0.032454
0.032328
0.032474
0.032193
0.033628
0.032301
0.032311
0.032122
0.032323
0.032570
0.033131
0.033198
0.033331
0.033253
0.033125
0.032756
0.032698
0.032390
0.032183
0.032472
0.032234
0.032086
0.032603
0.032985
0.032389
0.032739
0.032682
0.032276
0.032292
0.032261
0.032284
0.032161
0.032554
0.034065
0.037284
0.035851
0.036002
0.040205
0.038765
0.035047
0.034771
0.036395
0.035682
0.033543
0.032396
0.032698
0.032653
0.032070
0.032837
0.034097
0.034567
0.034184
0.032789
0.033196
0.034872
0.037164
0.036818
0.035229
0.034315
0.034076
0.032202
0.032101
0.032398
0.032335
0.031863
0.032014
0.032495
0.032977
0.032212
0.033053
0.033316
0.033073
0.032393
0.031732
0.032469
0.033551
0.033813
0.032313
0.033210
0.033076
0.031909
0.032818
0.033487
0.032696
0.032173
0.032261
0.032043
0.031854
0.031790
0.033145
0.031874
0.032375
0.032499
0.032347
0.032166
0.032341
0.032199
0.032732
0.032269
0.032014
0.032509
0.032251
0.031800
0.032267
0.032319
0.032303
0.032521
0.031930
0.032499
0.032478
0.032239
0.032083
0.032432
0.032051
0.032281
0.032395
0.032050
0.032039
0.033573
0.033172
0.032593
0.032320
0.032005
0.032001
0.032445
0.032329
0.032879
0.031955
0.031926
0.031819
0.032176
0.031996
0.031952
0.032210
0.031895
0.032076
0.033531
0.032422
0.032426
0.032236
0.032658
0.032391
0.032024
0.032211
0.032739
0.032801
0.032520
0.032455
0.032056
0.032746
0.032035
0.032962
0.032640
0.032375
0.032836
0.032532
0.032191
0.032212
0.032571
0.032275
0.032878
0.032268
0.033009
0.033505
0.034244
0.032724
0.032591
0.032539
0.032661
0.033150
0.032973
0.032380
0.032186
0.032316
0.032487
0.032590
0.032480
0.032438
0.032369
0.032221
0.032131
0.032437
0.032153
0.032505
0.032278
0.032386
0.032638
0.032203
0.032449
0.032139
0.031855
0.032140
0.032462
0.032102
0.032333
0.032871
0.032186
0.032229
0.032381
0.031902
0.032207
0.032777
0.032729
0.032927
0.032270
0.032347
0.032448
0.032295
0.032091
0.032505
0.032353
0.032011
0.032094
0.032174
0.032436
0.032243
0.032288
0.032607
0.032424
0.032874
0.032372
0.032477
0.032776
0.032165
0.032348
0.032999
0.032718
0.032704
0.032333
0.032101
0.032240
0.032198
0.032847
0.032150
0.032333
0.032597
0.032971
0.034159
0.033369
0.033507
0.033903
0.033046
0.033033
0.032974
0.032832
0.032176
0.032999
0.033127
0.032826
0.033173
0.033168
0.033123
0.032838
0.033055
0.032953
0.032744
0.032683
0.032099
0.032425
0.032328
0.032792
0.032197
0.032183
0.032068
0.031952
0.032173
0.032381
0.032082
0.032396
0.032414
0.032698
0.032790
0.032762
0.033097
0.033101
0.032908
0.033255
0.034038
0.032543
0.033658
0.033925
0.032982
0.033325
0.033706
0.032702
0.032742
0.032435
0.032905
0.032198
0.032421
0.032772
0.032518
0.032905
0.033539
0.032214
0.033178
0.032812
0.033131
0.032553
0.034047
0.032502
0.033772
0.032483
0.033104
0.031952
0.032090
0.032212
0.032447
0.032068
0.033217
0.032102
0.032416
0.032739
0.031879
0.032536
0.033037
0.032653
0.032144
0.032792
0.032929
0.032292
0.032979
0.032168
0.032671
0.032287
0.032672
0.032300
0.033415
0.032785
0.032935
0.032529
0.032863
0.032957
0.032557
0.033233
0.033270
0.032593
0.032913
0.032629
0.033585
0.033029
0.034012
0.034063
0.034047
0.033720
0.032924
0.032702
0.033223
0.032575
0.032459
0.032006
0.032153
0.032182
0.032456
0.032869
0.032702
0.033673
0.033074
0.032899
0.032871
0.032229
0.032438
0.032126
0.031943
0.031866
0.032513
0.033105
0.032763
0.031980
0.032807
0.032827
0.032347
0.032506
0.032635
0.032641
0.032301
0.032278
0.032792
0.032397
0.032286
0.031992
0.032993
0.031999
0.032353
0.032354
0.032255
0.033059
0.033271
0.032980
0.032722
0.033276
0.032672
0.032127
0.032233
0.031960
0.032150
0.032130
0.033083
0.033325
0.033457
0.034103
0.033645
0.033078
0.032582
0.033106
0.032228
0.032500
0.032080
0.032525
0.033034
0.032548
0.032877
0.033149
0.032985
0.032751
0.033495
0.032580
0.032104
0.031992
0.031967
0.032232
0.033094
0.032726
0.032297
0.032379
0.033128
0.032716
0.032894
0.032731
0.031821
0.032505
0.031985
0.032140
0.032096
0.032538
0.032431
0.032472
0.031937
0.031787
0.031949
0.032323
0.031997
0.032175
0.032748
0.031952
0.032289
0.031771
0.032170
0.033254
0.032513
0.032630
0.032326
0.031939
0.032704
0.033158
0.031802
0.032813
0.033249
0.032056
0.032238
0.031845
0.031883
0.032171
0.032227
0.031974
0.032290
0.032269
0.031879
0.032184
0.031972
0.032154
0.032540
0.032128
0.031968
0.032071
0.031961
0.032677
0.032028
0.032987
0.032848
0.032368
0.032015
0.032082
0.032258
0.032357
0.031990
0.032426
0.032318
0.032939
0.032807
0.032664
0.032557
0.033190
0.032144
0.033214
0.031989
0.032259
0.032355
0.032404
0.032617
0.032892
0.033207
0.032790
0.032968
0.032725
0.032314
0.032903
0.032958
0.032477
0.032411
0.033023
0.032488
0.032278
0.032456
0.032526
0.032479
0.032579
0.033054
0.032846
0.032470
0.033039
0.032415
0.032103
0.031924
0.032635
0.031993
0.032392
0.032395
