0.055567
0.056493
0.056157
0.056349
0.057991
0.057970
0.057711
0.057676
0.056500
0.056515
0.056171
0.056116
0.056103
0.055720
0.056364
0.056677
0.057070
0.056042
0.056726
0.056532
0.055878
0.055765
0.055787
0.056131
0.056322
0.056300
0.057091
0.055904
0.055697
0.056118
0.055753
0.056881
0.057243
0.056772
0.056187
0.056546
0.057662
0.057021
0.057593
0.057048
0.058694
0.058511
0.058554
0.059326
0.058731
0.056711
0.056816
0.055758
0.056089
0.056069
0.056282
0.055881
0.056572
0.056077
0.055888
0.056047
0.057570
0.056992
0.056802
0.056848
0.056489
0.055727
0.055973
0.056108
0.057225
0.057227
0.057454
0.056371
0.056080
0.055851
0.056338
0.055928
0.055542
0.055825
0.056265
0.055828
0.056568
0.056831
0.057587
0.057430
0.055708
0.055807
0.055969
0.055622
0.055854
0.056166
0.056256
0.056371
0.056573
0.056077
0.055680
0.055982
0.055850
0.056124
0.056647
0.056338
0.056650
0.056275
0.057756
0.056235
0.056783
0.056445
0.056440
0.056299
0.056515
0.056582
0.056684
0.056519
0.056294
0.056308
0.056395
0.056195
0.055915
0.056284
0.055820
0.056521
0.056756
0.056547
0.056255
0.056755
0.056829
0.056831
0.056856
0.056795
0.056994
0.057371
0.058030
0.057396
0.057273
0.057505
0.056665
0.057352
0.057012
0.056705
0.057221
0.057063
0.057139
0.056677
0.057011
0.056492
0.056790
0.056675
0.056261
0.056130
0.056581
0.057166
0.056837
0.057423
0.057243
0.057725
0.056815
0.056215
0.057572
0.057416
0.056857
0.057321
0.056741
0.057171
0.056665
0.057185
0.056582
0.056735
0.056708
0.057334
0.057050
0.056483
0.057051
0.056208
0.055906
0.056431
0.059357
0.081114
0.081403
0.080176
0.092022
0.093340
0.095440
0.101657
0.098050
0.107789
0.112595
0.098808
0.115872
0.117005
0.101699
0.120587
0.115900
0.100665
0.115040
0.103417
0.093802
0.094322
0.097043
0.090392
0.083596
0.087965
0.087793
0.086821
0.082840
0.103136
0.106342
0.099405
0.092525
0.111222
0.105999
0.105655
0.102906
0.099858
0.107508
0.104197
0.100085
0.092644
0.098421
0.102377
0.095186
0.088842
0.085559
0.084434
0.066117
0.063236
0.066352
0.066813
0.070663
0.067754
0.067673
0.068223
0.069652
0.066553
0.068095
0.069901
0.066853
0.067018
0.070131
0.065719
0.064009
0.065367
0.060183
0.059793
0.064360
0.061296
0.059831
0.058807
0.060973
0.067778
0.070831
0.069146
0.076851
0.074920
0.073537
0.077376
0.074176
0.075238
0.073028
0.080194
0.077011
0.075414
0.073046
0.077834
0.074593
0.075195
0.071651
0.067798
0.065858
0.061605
0.058740
0.056361
0.056446
0.056067
0.055927
0.056329
0.057501
0.056769
0.056369
0.056551
0.056405
0.056883
0.056301
0.056918
0.056075
0.056398
0.059049
0.058617
0.056692
0.057667
0.056777
0.057533
0.058807
0.057403
0.058228
0.057894
0.058087
0.057539
0.057410
0.056982
0.056525
0.056495
0.057296
0.057662
0.057025
0.057431
0.056685
0.056372
0.056854
0.056932
0.057643
0.058158
0.057473
0.057752
0.057736
0.056941
0.057203
0.058055
0.058069
0.057147
0.057783
0.057633
0.058104
0.058433
0.057634
0.059805
0.058706
0.058602
0.059845
0.060331
0.059440
0.061594
0.061804
0.060353
0.061288
0.062782
0.060769
0.062636
0.061485
0.063576
0.062675
0.062509
0.061274
0.065130
0.062336
0.070506
0.065772
0.065558
0.068286
0.063504
0.070328
0.068633
0.063666
0.069649
0.063680
0.063797
0.061173
0.059053
0.058845
0.056256
0.056697
0.056624
0.055999
0.056507
0.055850
0.056118
0.056268
0.057659
0.056603
0.057175
0.060752
0.063925
0.060099
0.061720
0.067026
0.076134
0.074264
0.077495
0.077625
0.078398
0.093318
0.088255
0.080880
0.090748
0.084684
0.077427
0.086798
0.078642
0.077427
0.075574
0.067866
0.066786
0.064381
0.068974
0.067401
0.067339
0.065078
0.071349
0.066740
0.065307
0.061959
0.063064
0.064064
0.063385
0.061720
0.063766
0.064525
0.062647
0.062281
0.064080
0.064060
0.061648
0.064491
0.064032
0.061851
0.066609
0.071125
0.066982
0.074913
0.068343
0.066688
0.070529
0.063612
0.069162
0.067838
0.066375
0.069907
0.064310
0.070778
0.062769
0.061868
0.057213
0.058974
0.057727
0.058933
0.061994
0.062210
0.067871
0.062438
0.057640
0.055862
0.057127
0.056218
0.057090
0.056854
0.055961
0.056077
0.056112
0.056151
0.056037
0.056856
0.058497
0.060822
0.067409
0.066367
0.067631
0.064701
0.072105
0.067248
0.066252
0.067918
0.063026
0.067180
0.065819
0.065690
0.067001
0.064146
0.066296
0.062981
0.066235
0.061601
0.059135
0.060885
0.061220
0.060730
0.060042
0.059755
0.058153
0.060033
0.058699
0.064482
0.061740
0.065127
0.059619
0.064521
0.059093
0.064886
0.058150
0.063362
0.059184
0.062992
0.058918
0.062925
0.060178
0.061094
0.058473
0.059188
0.057974
0.058685
0.057750
0.057377
0.056709
0.056680
0.056518
0.056581
0.058500
0.057095
0.057512
0.056627
0.056682
0.057088
0.058035
0.057057
0.056451
0.056209
0.056075
0.056430
0.056203
0.055972
0.057306
0.056681
0.056754
0.055893
0.056226
0.056344
0.056460
0.055963
0.056118
0.055628
0.055848
0.056035
0.055995
0.055813
0.055883
0.056121
0.056028
0.057020
0.057303
0.057086
0.056614
0.057085
0.056719
0.055600
0.056076
0.056056
0.056084
0.056155
0.056820
0.056810
0.056860
0.057047
0.058048
0.059133
0.059181
0.058403
0.055847
0.056378
0.055981
0.055902
0.056619
0.056296
0.056177
0.055875
0.056611
0.056125
0.057134
0.058555
0.058194
0.057773
0.056783
0.055570
0.055969
0.055859
0.055717
0.055999
0.056296
0.055767
0.056465
0.056758
0.056895
0.056653
0.056066
0.056806
0.056849
0.057163
0.056465
0.056160
0.056066
0.056368
0.057330
0.058448
0.058828
0.057914
0.058866
0.059335
0.060772
0.060330
0.058384
0.059191
0.060085
0.061063
0.060832
0.058862
0.056977
0.056236
0.056393
0.055938
0.056074
0.055877
0.056410
0.056401
0.057603
0.057625
0.058150
0.057471
0.056446
0.056001
0.055971
0.055976
0.056663
0.057482
0.057913
0.056434
0.055592
0.055585
0.057690
0.058111
0.057912
0.057137
0.056153
0.055725
0.055549
0.055523
0.055785
0.056452
0.056930
0.057944
0.060694
0.061481
0.061069
0.057509
0.057316
0.057763
0.057236
0.056644
0.055977
0.055618
0.055765
0.056931
0.056792
0.056149
0.055655
0.055591
0.055588
0.057360
0.058801
0.058331
0.058483
0.058100
0.057960
0.057871
0.057570
0.058267
0.057095
0.057295
0.061354
0.060841
0.061371
0.060789
0.065652
0.065672
0.065561
0.061385
0.067323
0.067202
0.063885
0.065451
0.066754
0.065050
0.063887
0.066428
0.059924
0.064578
0.060486
0.061833
0.063117
0.058342
0.063199
0.059059
0.060121
0.057790
0.056583
0.057347
0.056362
0.055630
0.056821
0.057351
0.057781
0.057893
0.056600
0.057125
0.057698
0.056526
0.056700
0.056919
0.056066
0.056461
0.055663
0.056031
0.056050
0.056153
0.056330
0.056575
0.056462
0.056142
0.056139
0.056322
0.056089
0.056419
0.056053
0.056265
0.056359
0.056161
0.056377
0.056471
0.055989
0.056124
0.056386
0.056170
0.055870
0.055693
0.056542
0.056235
0.055978
0.055913
0.056285
0.055777
0.056237
0.056676
0.055953
0.058739
0.058873
0.057538
0.061641
0.061511
0.067819
0.069155
0.068114
0.074901
0.073050
0.081086
0.081609
0.073104
0.082923
0.074268
0.069098
0.070387
0.069525
0.064462
0.069127
0.070623
0.069020
0.078896
0.081752
0.072538
0.080373
0.074391
0.068264
0.079280
0.074667
0.067529
0.079539
0.074298
0.071335
0.076001
0.072037
0.069055
0.073134
0.067177
0.061427
0.061709
0.059877
0.060559
0.061950
0.059599
0.061501
0.061478
0.059081
0.061204
0.060343
0.060488
0.060627
0.059293
0.060141
0.063312
0.064020
0.070766
0.070561
0.070572
0.073436
0.071122
0.071640
0.077898
0.072431
0.071707
0.078856
0.072557
0.070545
0.072417
0.068425
0.064871
0.063618
0.060926
0.059875
0.059021
0.059636
0.058556
0.060230
0.059292
0.058392
0.059970
0.058685
0.058433
0.058986
0.056439
0.056232
0.056244
0.056944
0.059776
0.066840
0.063881
0.060552
0.062030
0.066403
0.071503
0.069703
0.071422
0.074383
0.073638
0.069787
0.072252
0.067224
0.064616
0.069741
0.067903
0.065741
0.071838
0.067092
0.061983
0.062253
0.064472
0.064113
0.065528
0.069316
0.070320
0.068012
0.074318
0.074764
0.071938
0.072274
0.072696
0.071483
0.067148
0.073839
0.071108
0.068707
0.065162
0.065390
0.060126
0.058452
0.057014
0.057256
0.056285
0.057322
0.056690
0.059642
0.059183
0.063941
0.069182
0.067472
0.078712
0.072380
0.072855
0.076948
0.068358
0.065159
0.065438
0.062938
0.064894
0.063866
0.062164
0.066194
0.061988
0.068330
0.062830
0.072028
0.068262
0.068690
0.068725
0.066507
0.069417
0.062882
0.069930
0.061687
0.069645
0.063065
0.065983
0.062522
0.060638
0.060425
0.058010
0.060180
0.057681
0.059503
0.056957
0.059684
0.056639
0.059363
0.057284
0.057151
0.058138
0.057380
0.057972
0.057879
0.058167
0.056680
0.058843
0.057048
0.056259
0.057437
0.056648
0.057076
0.056272
0.056881
0.056868
0.056028
0.057053
0.055941
0.056178
0.056765
0.056585
0.056289
0.058066
0.056516
0.057581
0.056404
0.056342
0.057217
0.056272
0.056319
0.056128
0.056530
0.055672
0.055875
0.055902
0.055628
0.056007
0.056163
0.055856
0.056060
0.056370
0.056354
0.056223
0.055798
0.055807
0.056373
0.055992
0.055570
0.055849
0.055979
0.055805
0.055827
0.055541
0.056056
0.055974
0.055950
0.056301
0.056544
0.055911
0.055650
0.055779
0.055941
0.055987
0.055834
0.055977
0.055953
0.055735
0.055763
0.055790
0.056218
0.056833
0.056652
0.056369
0.056143
0.056280
0.056750
0.055932
0.055791
0.056001
0.055562
0.056069
0.055935
0.055807
0.056061
0.056174
0.056498
0.056230
0.056159
0.055788
0.055558
0.055930
0.055943
0.055735
0.056083
0.057252
0.057953
0.056785
0.056622
0.055804
0.056230
0.057185
0.058381
0.056988
0.056522
0.056429
0.056772
0.055845
0.056495
0.056550
0.056930
0.057879
0.058182
0.055986
0.056128
0.055950
0.056341
0.055971
0.055980
0.055755
0.055815
0.055884
0.056306
0.056097
0.057223
0.057834
0.058214
0.057125
0.057473
0.057170
0.057928
0.057150
0.057659
0.057063
0.057737
0.058199
0.058574
0.057777
0.056842
0.056863
0.056451
0.056602
0.056294
0.055985
0.056380
0.055957
0.056388
0.056683
0.056736
0.057898
0.057501
0.055928
0.056682
0.056499
0.057329
0.056511
0.056410
0.056664
0.056635
0.056063
0.056521
0.056289
0.056775
0.059074
0.058490
0.057712
0.056982
0.058033
0.058979
0.057223
0.057521
0.059644
0.057789
0.058063
0.058606
0.058110
0.058164
0.056222
0.056769
0.057533
0.057928
0.056988
0.057768
0.058594
0.057509
0.056287
0.057358
0.056435
0.056593
0.056017
0.056354
0.056442
0.056122
0.056560
0.056302
0.056561
0.056224
0.057402
0.057269
0.057286
0.057062
0.056697
0.056182
0.056720
0.057076
0.057695
0.057173
0.057233
0.056248
0.056372
0.056322
0.056853
0.056856
0.057406
0.057701
0.057363
0.058228
0.057574
0.058690
0.058177
0.057662
0.058132
0.057220
0.058687
0.056829
0.057488
0.057971
0.056743
0.057844
0.056948
0.058230
0.057365
0.057350
0.057438
0.056700
0.057528
0.057784
0.056417
0.057519
0.056921
0.057691
0.058362
0.056979
0.058616
0.057451
0.057062
0.057631
0.056774
0.057941
0.056966
0.056572
0.057909
0.056125
0.057404
0.056099
0.055729
0.056420
0.056039
0.055535
0.055808
0.056040
0.055835
0.056726
0.056017
0.056073
0.056034
0.055991
0.055780
0.055950
0.056034
0.056512
0.056503
0.056339
0.056970
0.056769
0.056305
0.056942
0.057125
0.057043
0.057232
0.056938
0.057797
0.057111
0.056480
0.057297
0.056549
0.057642
0.056256
0.057379
0.057393
0.057982
0.057039
0.056465
0.056738
0.056105
0.056814
0.056324
0.057080
0.055951
0.057119
0.056253
0.057565
0.057642
0.057698
0.058049
0.057507
0.059211
0.057766
0.057898
0.057961
0.057483
0.057878
0.056759
0.056430
0.057126
0.057021
0.057248
0.056843
0.056533
0.056460
0.056150
0.056781
0.057131
0.056574
0.057379
0.056817
0.056305
0.057381
0.056498
0.058119
0.057512
0.057484
0.057081
0.056977
0.057854
0.057569
0.057657
0.058270
0.058399
0.058654
0.057695
0.057786
0.057050
0.057616
0.056458
0.056939
0.056416
0.056869
0.056760
0.056537
0.056622
0.056910
0.057759
0.057421
0.057706
0.056636
0.056808
0.057124
0.056292
0.057314
0.056703
0.057070
0.056994
0.057375
0.057170
0.058418
0.057439
0.057859
0.056947
0.056600
0.056811
0.056988
0.056239
0.056434
0.056290
0.056658
0.056748
0.056025
0.056452
0.056177
0.056683
0.056344
0.056366
0.056286
0.056257
0.055982
0.057078
0.057042
0.057228
0.056111
0.056491
0.056216
0.056494
0.056276
0.056570
0.056590
0.056043
0.056951
0.056312
0.056050
0.056953
0.056859
0.055965
0.056032
0.057145
0.057022
0.056487
0.056583
0.056146
0.056779
0.056353
0.056798
0.056318
0.056667
0.056280
0.056523
0.056709
0.056441
0.056466
0.057286
0.056636
0.056804
0.056461
0.056661
0.056404
0.056252
0.056141
0.056223
0.056679
0.056191
0.056365
0.056553
0.056916
0.056758
0.056527
0.056554
0.056658
0.056880
0.056128
0.056695
0.057199
0.056725
0.057092
0.056229
0.056851
0.056361
0.056052
0.056129
0.056077
0.056179
0.055877
0.055877
0.056546
0.056722
0.056306
0.056523
0.056350
0.055922
0.055965
0.056359
0.057496
0.056044
0.056116
0.056157
0.056615
0.056046
0.056686
0.056253
0.056875
0.056542
0.055975
0.056371
0.056277
0.055939
0.056522
0.056581
0.056056
0.055890
0.056239
0.055779
0.056257
0.055490
0.056570
0.055888
0.056209
0.055958
0.056191
0.055914
0.056212
0.055435
0.055868
0.056502
0.056037
0.055955
0.055505
0.056252
0.055999
0.056903
0.056722
0.057249
0.056226
0.056363
0.056679
0.056000
0.055556
0.055933
0.055781
0.056400
0.055935
0.056070
0.056763
0.057582
0.056739
0.055987
0.055999
0.055764
0.055666
0.056161
0.056062
0.056024
0.055864
0.056449
0.056165
0.056122
0.056183
0.055808
0.055844
0.056219
0.056675
0.056426
0.055782
0.056391
0.056288
0.056101
0.055644
0.056441
0.055964
0.055911
0.056857
0.056300
0.055986
0.055829
0.057269
0.056383
0.055703
0.056587
0.056478
0.056485
0.055768
0.056910
0.056645
0.057202
0.056507
0.056030
0.056028
0.056317
0.056186
0.056446
0.056124
0.056291
0.055693
0.055693
0.055499
0.056350
0.055934
0.055678
0.055841
0.055597
0.055628
0.055408
0.056051
0.055791
0.055539
0.056683
0.056713
0.055996
0.055657
0.055838
0.056026
0.055715
0.055614
0.055627
0.056038
0.056760
0.057389
0.056873
0.056908
0.057133
0.056780
0.056638
0.056156
0.056394
0.056348
0.055843
0.055767
0.055931
0.055873
0.055621
0.056119
0.056673
0.056331
0.056355
0.057064
0.057459
0.057045
0.056236
0.055676
0.055520
0.055913
0.055982
0.055800
0.055938
0.055848
0.056079
0.056231
0.055822
0.055594
0.055553
0.055900
0.056192
0.056428
0.056355
0.056681
0.056768
0.057002
0.057713
0.056993
0.056641
0.055815
0.056085
0.055988
0.055788
0.055591
0.055855
0.055868
0.055742
0.056211
0.055696
0.057428
0.058242
0.057100
0.057348
0.057516
0.056530
0.055758
0.055738
0.056133
0.056281
0.056190
0.056352
0.056823
0.056103
0.055855
0.055701
0.055845
0.055819
0.056356
0.056734
0.056639
0.056245
0.055816
0.055726
0.055877
0.056116
0.056008
0.055698
0.055776
0.056179
0.056209
0.056442
0.056120
0.056193
0.055976
0.055535
0.055896
0.056834
0.056759
0.056460
0.056745
0.057428
0.057021
0.056331
0.055739
0.056035
0.055980
0.057063
0.056544
0.056407
0.056472
0.056249
0.056056
0.055943
0.055803
0.055827
0.055924
0.056394
0.056206
0.056481
0.056147
0.056173
0.056009
0.056183
0.056200
0.055593
0.056038
0.055528
0.055585
0.055649
0.056125
0.055888
0.056103
0.056231
0.056658
0.056435
0.055991
0.055636
0.055722
0.056936
0.056170
0.055960
0.056107
0.056365
0.059294
0.061174
0.063152
0.064000
0.065655
0.063182
0.068746
0.066578
0.067811
0.071147
0.068016
0.070548
0.069386
0.069341
0.072674
0.070520
0.071190
0.073739
0.069599
0.074194
0.071812
0.072477
0.076115
0.070952
0.086513
0.086454
0.079194
0.082704
0.086757
0.083235
0.081960
0.085899
0.083505
0.083727
0.087453
0.084321
0.086491
0.083877
0.084487
0.083528
0.083299
0.086479
0.085717
0.083470
0.078546
0.063462
0.059231
0.058855
0.060434
0.073549
0.079481
0.079493
0.084521
0.089419
0.088609
0.085254
0.083152
0.080791
0.080436
0.086314
0.084999
0.079272
0.079818
0.077075
0.073358
0.072348
0.073022
0.059715
0.060674
0.060913
0.061686
0.062324
0.063153
0.065443
0.065020
0.063335
0.063120
0.063103
0.064602
0.065532
0.065694
0.064408
0.063606
0.064462
0.065725
0.063032
0.062331
0.062074
0.059100
0.057126
0.059058
0.057303
0.056037
0.055785
0.057155
0.056450
0.056517
0.056005
0.057154
0.056374
0.056122
0.055849
0.056062
0.055907
0.055869
0.056918
0.055807
0.058604
0.060274
0.062197
0.067193
0.067407
0.066967
0.068563
0.070326
0.069495
0.069887
0.071282
0.066978
0.069792
0.070729
0.063207
0.061889
0.060594
0.059912
0.061457
0.059092
0.058616
0.059463
0.058125
0.056535
0.057145
0.056900
0.056418
0.057086
0.056560
0.059007
0.059238
0.063804
0.060043
0.058400
0.058173
0.059160
0.059853
0.059732
0.058927
0.058420
0.059253
0.060345
0.061413
0.060863
0.061851
0.061722
0.063195
0.061600
0.061242
0.060191
0.058871
0.062372
0.061945
0.059029
0.060060
0.060334
0.064818
0.068583
0.061349
0.062730
0.064232
0.073789
0.069589
0.074871
0.072600
0.075062
0.075297
0.071600
0.075861
0.070381
0.071245
0.072881
0.067075
0.066592
0.069544
0.065327
0.063783
0.063620
0.068615
0.065599
0.064763
0.066431
0.065941
0.060607
0.065429
0.066174
0.061761
0.064089
0.067702
0.064691
0.063317
0.065295
0.061289
0.062621
0.065310
0.063332
0.063545
0.063026
0.060033
0.061027
0.059336
0.060421
0.058901
0.058339
0.060281
0.059604
0.058870
0.059607
0.057560
0.058430
0.062282
0.064793
0.070575
0.071323
0.082791
0.079845
0.076643
0.083195
0.083009
0.092111
0.090485
0.080598
0.092773
0.081825
0.081828
0.085112
0.080243
0.081285
0.084868
0.078568
0.086763
0.083277
0.075562
0.078020
0.077099
0.074974
0.074438
0.072621
0.068100
0.073314
0.068745
0.080466
0.083928
0.084112
0.096095
0.083488
0.080265
0.085388
0.077821
0.084722
0.082582
0.077095
0.087716
0.079745
0.078573
0.084667
0.077434
0.081858
0.079586
0.074040
0.072630
0.060009
0.058047
0.059210
0.058220
0.061545
0.066636
0.064425
0.066838
0.061390
0.057973
0.059021
0.060975
0.070360
0.071055
0.062789
0.062805
0.060062
0.060213
0.062298
0.061068
0.059921
0.061404
0.061372
0.059953
0.062925
0.062430
0.062605
0.060232
0.062307
0.064117
0.063500
0.062405
0.061068
0.060782
0.061249
0.063095
0.064190
0.060960
0.060348
0.059645
0.061109
0.059945
0.061253
0.062572
0.060734
0.068223
0.071259
0.072877
0.067772
0.070097
0.070390
0.070047
0.069101
0.065727
0.066638
0.061719
0.056859
0.058155
0.056505
0.057417
0.056866
0.056892
0.057015
0.056384
0.056155
0.056697
0.056033
0.057028
0.056471
0.056058
0.056072
0.056235
0.056425
0.056336
0.056448
0.056252
0.057109
0.062076
0.062159
0.067179
0.070044
0.070494
0.075061
0.066937
0.073615
0.067733
0.073595
0.073862
0.069359
0.076253
0.069048
0.074553
0.072817
0.068027
0.073626
0.066213
0.064993
0.063690
0.060792
0.062827
0.062426
0.062314
0.062126
0.061587
0.062495
0.061167
0.065216
0.062867
0.062744
0.067254
0.066347
0.073940
0.068126
0.075641
0.068832
0.068511
0.071050
0.065261
0.072534
0.066300
0.070442
0.066763
0.065667
0.067248
0.064738
0.067310
0.064001
0.067862
0.063275
0.060690
0.056877
0.057178
0.056487
0.057082
0.056649
0.055982
0.055820
0.056228
0.056009
0.057094
0.057796
0.056375
0.056095
0.056270
0.055713
0.055872
0.056210
0.056783
0.056518
0.055912
0.056539
0.055975
0.057089
0.056409
0.056401
0.055843
0.056770
0.056265
0.056301
0.055941
0.056480
0.056191
0.056602
0.056444
0.056620
0.056249
0.056413
0.056284
0.056844
0.056751
0.056414
0.056269
0.056350
0.056349
0.055681
0.055926
0.056022
0.055737
0.055828
0.056258
0.056312
0.056701
0.056075
0.055899
0.056789
0.056453
0.056610
0.055961
0.056097
0.056286
0.055790
0.055980
0.056223
0.056830
0.055876
0.056304
0.056472
0.056187
0.056626
0.056554
0.057026
0.056644
0.056541
0.056560
0.056023
0.055961
0.055981
0.055997
0.056206
0.055842
0.055784
0.056730
0.056448
0.057102
0.057148
0.056815
0.056833
0.056462
0.056537
0.055913
0.056336
0.056651
0.056776
0.057242
0.057200
0.056523
0.056029
0.056248
0.056051
0.056211
0.056275
0.057264
0.056659
0.056067
0.057591
0.056521
0.056033
0.055611
0.055858
0.055914
0.055979
0.056351
0.056189
0.056522
0.056046
0.056284
0.056306
0.057840
0.057289
0.056674
0.056070
0.056369
0.056753
0.056646
0.056158
0.057799
0.057216
0.056414
0.057089
0.056278
0.056425
0.057292
0.057225
0.056106
0.056478
0.055997
0.056260
0.055746
0.056095
0.056121
0.056185
0.056263
0.056225
0.056475
0.056417
0.056082
0.056875
0.056800
0.057596
0.056137
0.057058
0.057554
0.056623
0.056458
0.056490
0.055939
0.055932
0.056532
0.056954
0.056969
0.057010
0.057509
0.056381
0.056252
0.056893
0.056161
0.056690
0.056048
0.056724
0.056516
0.056405
0.055966
0.056239
0.056126
0.055996
0.056559
0.056523
0.055940
0.056401
0.055948
0.055663
0.056262
0.055876
0.056803
0.056673
0.056138
0.055927
0.056441
0.055927
0.055792
0.056361
0.055878
0.055779
0.055809
0.056034
0.056713
0.056135
0.056540
0.057242
0.059764
0.059533
0.059826
0.058372
0.058999
0.067525
0.073224
0.076611
0.079832
0.076903
0.077810
0.081630
0.075290
0.074359
0.069602
0.069391
0.065241
0.063557
0.065948
0.065971
0.065149
0.067448
0.064492
0.063344
0.064679
0.060829
0.060896
0.059619
0.059110
0.061858
0.060951
0.058336
0.059340
0.064900
0.062635
0.061186
0.062036
0.059636
0.060869
0.065487
0.062646
0.068546
0.061096
0.063166
0.061100
0.064201
0.068113
0.060585
0.063199
0.060620
0.063680
0.067837
0.064170
0.068991
0.073225
0.077391
0.077796
0.077147
0.078288
0.076255
0.071049
0.064519
0.060357
0.058250
0.058358
0.056965
0.057225
0.056318
0.056123
0.056024
0.056272
0.056295
0.056643
0.056040
0.055713
0.055754
0.056285
0.056333
0.055810
0.055862
0.055820
0.056195
0.055965
0.055527
0.056211
0.055865
0.057132
0.056863
0.056991
0.056578
0.060932
0.060206
0.060390
0.069901
0.065971
0.065746
0.067614
0.065520
0.064775
0.068743
0.065302
0.064963
0.069817
0.067545
0.066840
0.072098
0.072383
0.071594
0.076151
0.080473
0.081305
0.082897
0.076925
0.078609
0.074480
0.075393
0.078416
0.076273
0.075750
0.073833
0.076686
0.074076
0.073910
0.074392
0.075237
0.076101
0.073460
0.075303
0.074655
0.076103
0.073585
0.071970
0.074111
0.074020
0.075628
0.075467
0.074939
0.071823
0.063088
0.057932
0.057044
0.057092
0.059241
0.064882
0.065235
0.061081
0.060089
0.062074
0.058351
0.057772
0.060215
0.058215
0.057374
0.057332
0.058277
0.059525
0.058300
0.058653
0.058173
0.056551
0.056462
0.058072
0.059656
0.057788
0.059514
0.059003
0.058340
0.060367
0.059299
0.057034
0.057350
0.058192
0.057704
0.057416
0.057684
0.057009
0.056340
0.057238
0.056934
0.056270
0.056650
0.056587
0.057045
0.056137
0.056096
0.055689
0.055553
0.055824
0.056034
0.056185
0.056351
0.057133
0.056396
0.056765
0.056144
0.056218
0.056114
0.056203
0.057817
0.069139
0.074435
0.069004
0.079593
0.072954
0.071082
0.074025
0.073134
0.072308
0.076997
0.070225
0.079314
0.071881
0.067252
0.060465
0.058384
0.059057
0.057802
0.057717
0.057645
0.057388
0.057002
0.056876
0.056935
0.056961
0.056077
0.056529
0.056077
0.059383
0.060371
0.064137
0.062785
0.066998
0.069072
0.069334
0.067236
0.067989
0.070508
0.069134
0.068296
0.069642
0.068709
0.059744
0.059759
0.058493
0.058028
0.058048
0.056586
0.056607
0.055850
0.055940
0.056278
0.056264
0.056746
0.056290
0.058456
0.062058
0.060737
0.056838
0.057394
0.057015
0.057458
0.058634
0.057830
0.057379
0.057960
0.057641
0.058105
0.058776
0.058488
0.058462
0.057715
0.059166
0.060277
0.061164
0.060556
0.060058
0.061501
0.061151
0.061905
0.060789
0.059623
0.060059
0.060210
0.059816
0.058443
0.057938
0.057621
0.059914
0.062644
0.062444
0.065020
0.066751
0.067007
0.068669
0.066523
0.067226
0.067077
0.064794
0.065071
0.062654
0.064085
0.063145
0.061495
0.062948
0.062602
0.060120
0.063338
0.062583
0.060332
0.063650
0.062321
0.061814
0.061935
0.060469
0.062425
0.062226
0.059881
0.062660
0.060533
0.060810
0.060995
0.059089
0.061317
0.061654
0.060031
0.059806
0.057858
0.057641
0.061243
0.056801
0.056354
0.055568
0.055909
0.055781
0.055718
0.055812
0.055966
0.056027
0.056283
0.057828
0.056833
0.056281
0.055691
0.056073
0.055947
0.056228
0.055976
0.055774
0.056042
0.055829
0.056073
0.062696
0.062548
0.068236
0.065000
0.063528
0.068998
0.065309
0.066639
0.067248
0.062368
0.062229
0.061671
0.066004
0.065281
0.061421
0.065634
0.061581
0.065328
0.064265
0.062578
0.065129
0.061071
0.064495
0.059812
0.062049
0.061304
0.060030
0.059085
0.061608
0.063963
0.062408
0.064683
0.065433
0.062609
0.066190
0.062002
0.066367
0.063787
0.064802
0.064132
0.062592
0.062719
0.059081
0.057679
0.056126
0.057269
0.056282
0.057472
0.056930
0.056940
0.056317
0.056904
0.057434
0.056613
0.056558
0.055789
0.056022
0.056358
0.055792
0.056053
0.055784
0.056409
0.055761
0.055936
0.055927
0.057007
0.057503
0.057902
0.057954
0.056600
0.056617
0.058106
0.057241
0.055762
0.056106
0.056686
0.056203
0.056700
0.056069
0.055988
0.056229
0.057142
0.056269
0.056363
0.056594
0.056268
0.055944
0.056336
0.056135
0.055722
0.056294
0.056304
0.055966
0.056510
0.056492
0.057888
0.059250
0.057376
0.058824
0.059501
0.059078
0.057821
0.058755
0.057913
0.056583
0.055608
0.056196
0.057443
0.057545
0.057797
0.056632
0.055804
0.056090
0.056144
0.056732
0.055817
0.056421
0.056091
0.056239
0.056253
0.055700
0.055731
0.056227
0.057012
0.056984
0.056781
0.056545
0.055921
0.055969
0.055791
0.056498
0.056353
0.057586
0.057939
0.056275
0.056041
0.056223
0.056054
0.056061
0.056419
0.056301
0.056967
0.057049
0.057072
0.056078
0.055849
0.056065
0.055710
0.055914
0.056267
0.055600
0.055880
0.057246
0.058595
0.057967
0.057164
0.057003
0.058726
0.057539
0.056872
0.057152
0.058832
0.059006
0.057325
0.058212
0.057842
0.058097
0.058441
0.057653
0.056093
0.055592
0.056243
0.055749
0.056190
0.056038
0.056812
0.058483
0.058522
0.058288
0.057141
0.056608
0.056125
0.056970
0.057841
0.057203
0.057645
0.057128
0.055519
0.055869
0.055694
0.056069
0.056172
0.056485
0.056750
0.057182
0.058347
0.058111
0.056776
0.055864
0.055974
0.055954
0.056491
0.056156
0.056666
0.056862
0.056266
0.055947
0.055614
0.056132
0.056254
0.056052
0.055998
0.056012
0.056502
0.056293
0.056839
0.057109
0.057714
0.057041
0.056265
0.055905
0.055549
0.055732
0.055927
0.056194
0.056458
0.056135
0.056257
0.056389
0.056371
0.055760
0.055685
0.057030
0.056952
0.056351
0.057329
0.057700
0.056143
0.055948
0.056137
0.055701
0.056330
0.055920
0.056848
0.057135
0.056608
0.056276
0.056338
0.056335
0.056222
0.056916
0.056686
0.056804
0.055976
0.055409
0.055730
0.055653
0.056020
0.056603
0.056154
0.056034
0.055886
0.056190
0.055862
0.056471
0.055958
0.056479
0.055641
0.056283
0.057854
0.058446
0.058547
0.058057
0.056556
0.058461
0.059254
0.058474
0.061689
0.059518
0.062683
0.066500
0.060843
0.068483
0.066258
0.063857
0.072103
0.069600
0.065471
0.071482
0.073060
0.066500
0.068338
0.072421
0.069815
0.065796
0.071815
0.070228
0.064955
0.070160
0.067890
0.065608
0.069183
0.062055
0.068143
0.064494
0.063167
0.061230
0.058264
0.059463
0.058619
0.058826
0.058675
0.059105
0.059641
0.058721
0.060064
0.058190
0.060046
0.058322
0.059957
0.060725
0.059710
0.060761
0.060093
0.060603
0.064595
0.065103
0.070552
0.071106
0.067333
0.070758
0.072984
0.070463
0.067371
0.074484
0.073409
0.067072
0.073604
0.075640
0.076487
0.067479
0.079960
0.077759
0.077193
0.071707
0.077180
0.071415
0.069680
0.070518
0.067212
0.073412
0.073206
0.073453
0.068573
0.066022
0.060460
0.059687
0.058883
0.063446
0.067375
0.069678
0.070821
0.069957
0.072427
0.075153
0.072153
0.074100
0.074681
0.075296
0.074451
0.075574
0.072592
0.077170
0.076667
0.074272
0.077908
0.074619
0.074867
0.071805
0.071512
0.070626
0.069511
0.067182
0.065181
0.065559
0.065820
0.065117
0.063519
0.062781
0.061965
0.061894
0.061284
0.062339
0.063058
0.062951
0.061796
0.063216
0.063009
0.061278
0.061954
0.060415
0.059828
0.060318
0.057797
0.056973
0.057126
0.058173
0.057668
0.057544
0.057466
0.056281
0.056372
0.056054
0.056016
0.057242
0.058280
0.058669
0.059003
0.059496
0.061768
0.060596
0.061961
0.061867
0.060747
0.063054
0.062704
0.063463
0.060510
0.062020
0.063763
0.062429
0.063360
0.062827
0.064355
0.061543
0.062762
0.064499
0.061339
0.062554
0.062794
0.059225
0.060486
0.059683
0.060600
0.061341
0.062646
0.063701
0.062808
0.062756
0.061518
0.060220
0.059199
0.060437
0.061796
0.059711
0.060837
0.060317
0.059431
0.059507
0.064775
0.074115
0.070613
0.073399
0.067433
0.071416
0.068203
0.072450
0.070823
0.068865
0.069275
0.070979
0.068059
0.058698
0.059938
0.057515
0.057513
0.056733
0.056812
0.058155
0.058271
0.056469
0.057195
0.057825
0.062651
0.068116
0.063537
0.069056
0.068629
0.069135
0.066726
0.066534
0.064763
0.065150
0.064789
0.062778
0.061903
0.060232
0.063344
0.061523
0.064452
0.061990
0.062917
0.059890
0.062858
0.062495
0.060935
0.062985
0.066351
0.063108
0.074182
0.075065
0.070193
0.082753
0.075060
0.076048
0.079915
0.071354
0.070856
0.059300
0.060073
0.058859
0.056678
0.057165
0.056626
0.056637
0.056486
0.056526
0.056935
0.056288
0.057337
0.077340
0.094087
0.077168
0.072271
0.071982
0.076295
0.074235
0.073958
0.080261
0.076503
0.082103
0.080364
0.078237
0.078592
0.081631
0.082997
0.083963
0.082270
0.081464
0.082565
0.082963
0.084832
0.084559
0.082865
0.081028
0.078789
0.076775
0.076217
0.073354
0.073222
0.069294
0.064303
0.062899
0.061888
0.060434
0.062066
0.059946
0.060613
0.061156
0.060622
0.059208
0.058595
0.058895
0.058168
0.059079
0.057928
0.057866
0.058284
0.057999
0.059405
0.060133
0.061519
0.062878
0.060869
0.060025
0.058727
0.058112
0.057057
0.056892
0.056590
0.056287
0.056139
0.057217
0.057171
0.056980
0.056520
0.056911
0.057249
0.057065
0.057012
0.057494
0.057054
0.056998
0.056936
0.056306
0.057172
0.057407
0.056415
0.056220
0.056400
0.056165
0.055791
0.056227
0.056309
0.055747
0.056594
0.056135
0.055912
0.056365
0.055752
0.056056
0.056027
0.056275
0.056245
0.055947
0.056216
0.056184
0.055808
0.056218
0.055929
0.055920
0.055770
0.056134
0.055984
0.056353
0.056360
0.056219
0.055963
0.056771
0.056459
0.056344
0.056356
0.056507
0.056216
0.056357
0.056163
0.056323
0.056463
0.056451
0.056349
0.056846
0.056428
0.056416
0.056089
0.056544
0.056373
0.056494
0.056028
0.056059
0.056087
0.056632
0.057412
0.057589
0.056846
0.057235
0.056740
0.056990
0.056489
0.056087
0.055627
0.055749
0.055815
0.056049
0.056017
0.058146
0.059016
0.058576
0.072932
0.072849
0.060162
0.063898
0.060951
0.064173
0.066410
0.063017
0.066722
0.067200
0.065558
0.064850
0.060271
0.062908
0.068415
0.072455
0.070402
0.073545
0.068047
0.072550
0.069344
0.069073
0.060420
0.059557
0.058767
0.057501
0.056475
0.057110
0.057806
0.066535
0.105112
0.075104
0.074022
0.083004
0.084596
0.079164
0.081343
0.082102
0.077310
0.083800
0.080376
0.077538
0.074723
0.074917
0.074776
0.068791
0.064404
0.064021
0.062885
0.062459
0.064707
0.063433
0.063800
0.064350
0.063602
0.062069
0.063010
0.063277
0.061466
0.061419
0.061926
0.058646
0.060797
0.064021
0.064615
0.064446
0.067955
0.071025
0.075337
0.075090
0.074126
0.073450
0.073255
0.073058
0.072868
0.073417
0.074031
0.075629
0.075612
0.075978
0.077263
0.076952
0.077099
0.073002
0.064633
0.064382
0.070616
0.070409
0.064690
0.065330
0.063658
0.064915
0.064502
0.063337
0.060402
0.061052
0.060364
0.059092
0.061038
0.060929
0.062292
0.061027
0.059799
0.058572
0.058781
0.062440
0.067645
0.070150
0.073832
0.075489
0.073725
0.071123
0.070723
0.070520
0.070671
0.072123
0.070268
0.072258
0.068723
0.069800
0.070045
0.071358
0.068608
0.070862
0.068760
0.068202
0.068398
0.069337
0.071666
0.070446
0.075227
0.076951
0.079581
0.078961
0.077790
0.074174
0.076438
0.074224
0.073476
0.076215
0.073238
0.077873
0.078150
0.079292
0.079458
0.077138
0.075203
0.077206
0.075837
0.076907
0.082553
0.082679
0.067337
0.061024
0.058811
0.058809
0.059055
0.062965
0.064660
0.067572
0.067713
0.066480
0.066196
0.063881
0.064799
0.065411
0.066847
0.068213
0.069973
0.069775
0.072351
0.069855
0.072725
0.068884
0.069807
0.068172
0.065825
0.068399
0.065831
0.063944
0.061973
0.063365
0.061143
0.060830
0.060619
0.061877
0.061627
0.062889
0.063386
0.064745
0.066604
0.066886
0.066605
0.072744
0.073483
0.069567
0.070437
0.069747
0.070014
0.063712
0.062818
0.060854
0.059872
0.061317
0.060064
0.061862
0.062529
0.064152
0.064586
0.068275
0.066710
0.066765
0.064840
0.071646
0.068270
0.066358
0.066512
0.071474
0.068919
0.069015
0.069006
0.074037
0.066710
0.060768
0.058344
0.056561
0.056657
0.056834
0.056170
0.056924
0.056125
0.056365
0.056331
0.057100
0.056464
0.062053
0.074515
0.076604
0.076470
0.075605
0.078652
0.071844
0.071381
0.070890
0.069763
0.071521
0.070373
0.068023
0.068519
0.067214
0.069643
0.067878
0.068909
0.065941
0.069585
0.068335
0.067602
0.063747
0.069599
0.068762
0.067462
0.064455
0.069349
0.067810
0.066477
0.065201
0.065425
0.062920
0.060313
0.061335
0.062256
0.060297
0.061131
0.061707
0.058856
0.061594
0.062401
0.058531
0.060469
0.061061
0.058548
0.060483
0.058850
0.058834
0.060781
0.058822
0.058892
0.061038
0.058325
0.060210
0.059181
0.058888
0.060678
0.057860
0.059021
0.058742
0.058026
0.058819
0.057800
0.060265
0.058238
0.058331
0.059476
0.058686
0.059753
0.058312
0.059344
0.058843
0.057413
0.056853
0.055881
0.057142
0.057203
0.057223
0.056866
0.056011
0.056894
0.056870
0.057016
0.056465
0.056709
0.056264
0.056625
0.055881
0.056361
0.056330
0.056483
0.056421
0.056841
0.060048
0.060989
0.072133
0.070832
0.069885
0.071425
0.071991
0.073460
0.068058
0.068755
0.069889
0.069259
0.059185
0.060648
0.060707
0.060241
0.063874
0.066423
0.065732
0.064981
0.062886
0.064384
0.063419
0.065955
0.066161
0.066611
0.071366
0.069619
0.071568
0.070176
0.068384
0.070819
0.068624
0.070485
0.071031
0.067307
0.071198
0.069262
0.068189
0.064186
0.062369
0.062474
0.060984
0.061002
0.059869
0.060127
0.059829
0.057590
0.057000
0.056438
0.056044
0.055909
0.058212
0.060246
0.060772
0.059637
0.061800
0.063592
0.060894
0.063617
0.062655
0.064693
0.062628
0.070945
0.067681
0.069051
0.071538
0.066774
0.070678
0.069865
0.064999
0.071210
0.067891
0.063127
0.061233
0.056562
0.059178
0.057709
0.059305
0.057458
0.058377
0.057363
0.056574
0.057335
0.056435
0.058143
0.062883
0.060468
0.068076
0.064036
0.063819
0.065243
0.065112
0.069013
0.071088
0.070082
0.078008
0.072612
0.071672
0.078123
0.068963
0.081514
0.073994
0.076654
0.076552
0.070563
0.076211
0.067831
0.093562
0.082715
0.065089
0.064965
0.066630
0.063002
0.083293
0.126305
0.093583
0.090429
0.098139
0.088584
0.079068
0.076346
0.082440
0.076895
0.073050
0.079590
0.077816
0.076621
0.078188
0.075613
0.072640
0.061715
0.060904
0.059669
0.058401
0.058491
0.061589
0.061049
0.066465
0.071411
0.072895
0.076970
0.078253
0.079797
0.080892
0.081732
0.082763
0.080842
0.081003
0.082012
0.081774
0.078710
0.078368
0.075009
0.074233
0.071972
0.068553
0.066556
0.065402
0.064128
0.063470
0.062904
0.062729
0.064044
0.063265
0.061743
0.060860
0.060222
0.059458
0.059305
0.059686
0.057982
0.060625
0.058442
0.059512
0.058615
0.060087
0.057532
0.058494
0.058824
0.058454
0.058368
0.057899
0.056729
0.056747
0.057028
0.056769
0.056953
0.056596
0.056588
0.057158
0.056710
0.056077
0.056105
0.056545
0.055973
0.056545
0.056473
0.056452
0.056081
0.056305
0.056587
0.056385
0.056390
0.056938
0.057312
0.056520
0.056459
0.057152
0.056141
0.056600
0.056377
0.056752
0.056001
0.055752
0.056033
0.056292
0.055883
0.055890
0.055952
0.055843
0.056168
0.056207
0.055773
0.056140
0.056078
0.056210
0.055894
0.056367
0.056899
0.056804
0.057342
0.057512
0.056609
0.056810
0.056821
0.057132
0.056658
0.057491
0.058224
0.058031
0.057210
0.057054
0.057257
0.056334
0.056413
0.056787
0.056127
0.056083
0.057324
0.057131
0.056525
0.056577
0.057056
0.057890
0.060851
0.060607
0.062032
0.064749
0.064538
0.073217
0.075581
0.071586
0.071647
0.071124
0.072119
0.075336
0.074062
0.074936
0.074170
0.075217
0.072654
0.078864
0.080351
0.074804
0.073827
0.071120
0.066945
0.065872
0.063043
0.062034
0.061637
0.059367
0.061165
0.060705
0.060156
0.060279
0.061267
0.060973
0.061917
0.062361
0.062525
0.069504
0.067167
0.070804
0.069146
0.067317
0.067590
0.069660
0.065878
0.071121
0.066203
0.067075
0.064811
0.058426
0.059059
0.057602
0.056753
0.056328
0.056591
0.056289
0.057193
0.056540
0.056253
0.056552
0.055793
0.056756
0.057392
0.056979
0.056636
0.059208
0.065637
0.079755
0.079088
0.076559
0.074169
0.074491
0.075020
0.079011
0.079420
0.077975
0.077705
0.076771
0.076229
0.081844
0.084968
0.085468
0.087659
0.082796
0.087395
0.081130
0.083672
0.085322
0.084628
0.085602
0.083071
0.082027
0.078596
0.080133
0.080464
0.077180
0.075160
0.078730
0.079564
0.078573
0.080570
0.081913
0.082301
0.081660
0.085643
0.083784
0.081652
0.080259
0.075794
0.073640
0.074672
0.071951
0.071375
0.072473
0.071601
0.071478
0.070936
0.072089
0.070428
0.070398
0.070434
0.071322
0.071711
0.071739
0.069610
0.069884
0.069469
0.069452
0.068069
0.069132
0.066998
0.068843
0.069816
0.070615
0.070617
0.069060
0.068057
0.066745
0.066265
0.063219
0.059237
0.059431
0.059557
0.057962
0.059073
0.058315
0.057740
0.057602
0.057314
0.056431
0.057557
0.057150
0.057678
0.057736
0.056983
0.056711
0.057090
0.056628
0.056111
0.058420
0.059711
0.058755
0.062260
0.063726
0.066809
0.066354
0.072605
0.075578
0.074373
0.075709
0.079073
0.076575
0.081874
0.080575
0.078794
0.073897
0.073919
0.071287
0.068804
0.066170
0.063523
0.059551
0.058294
0.057804
0.057975
0.057179
0.058301
0.058057
0.057258
0.056423
0.060207
0.059324
0.064607
0.069752
0.073569
0.075469
0.079652
0.074787
0.074368
0.076076
0.077600
0.076941
0.074659
0.075818
0.074923
0.072817
0.072651
0.068255
0.070030
0.067769
0.064118
0.062357
0.060812
0.059758
0.061620
0.061498
0.059017
0.059660
0.059424
0.058020
0.060756
0.058554
0.058435
0.061582
0.061304
0.063630
0.064049
0.061990
0.062951
0.066079
0.065871
0.068159
0.086095
0.078969
0.073366
0.079731
0.075929
0.072581
0.079748
0.066796
0.071924
0.070771
0.065533
0.068256
0.062090
0.065277
0.065039
0.061672
0.063507
0.058819
0.062828
0.059980
0.061410
0.062112
0.060333
0.061701
0.059798
0.061234
0.060659
0.060520
0.060437
0.060863
0.059437
0.059246
0.060549
0.058121
0.059965
0.058339
0.059649
0.059215
0.061700
0.059065
0.060130
0.058683
0.060359
0.059171
0.059669
0.059744
0.059859
0.060045
0.060713
0.059293
0.061878
0.060159
0.060491
0.058724
0.059031
0.057920
0.059314
0.057397
0.057486
0.057006
0.057834
0.057918
0.057084
0.056203
0.056140
0.056227
0.056837
0.056225
0.057327
0.056236
0.056164
0.056306
0.056199
0.056853
0.057241
0.056728
0.057677
0.057231
0.056219
0.056810
0.057140
0.056801
0.056588
0.057438
0.057673
0.056135
0.056139
0.056624
0.056404
0.056675
0.056794
0.056531
0.056086
0.056573
0.056557
0.056724
0.057311
0.057192
0.056277
0.055948
0.056330
0.056509
0.056827
0.055899
0.056600
0.056245
0.056224
0.056466
0.055840
0.056147
0.057184
0.056107
0.055927
0.056547
0.056066
0.056390
0.056872
0.057374
0.057278
0.057460
0.058158
0.058763
0.059462
0.060083
0.060444
0.060555
0.060336
0.061430
0.060689
0.059955
0.059855
0.057530
0.057754
0.056948
0.056650
0.056287
0.056619
0.056320
0.056839
0.055912
0.055973
0.056323
0.056330
0.057815
0.060719
0.062349
0.063328
0.064657
0.064612
0.063258
0.062175
0.060488
0.060362
0.059947
0.058005
0.056843
0.057104
0.056663
0.057230
0.056474
0.056831
0.056101
0.056904
0.056439
0.056320
0.056874
0.057674
0.057433
0.057931
0.057029
0.057871
0.058448
0.057879
0.058267
0.058256
0.059565
0.059682
0.058932
0.059803
0.057873
0.058820
0.058364
0.057349
0.058988
0.057939
0.057597
0.057809
0.057217
0.056324
0.057307
0.057239
0.057727
0.057037
0.057476
0.057845
0.056246
0.056591
0.055815
0.056574
0.056482
0.055948
0.057162
0.057023
0.056502
0.056397
0.056033
0.056320
0.057433
0.056549
0.056307
0.056048
0.056985
0.056930
0.055883
0.056801
0.055940
0.056038
0.055996
0.056767
0.056661
0.056190
0.056262
0.056261
0.055936
0.056752
0.056028
0.056546
0.057166
0.057204
0.056601
0.056341
0.055745
0.056349
0.056154
0.055977
0.056082
0.056188
0.056578
0.056603
0.056133
0.056023
0.055870
0.056027
0.056170
0.055923
0.055739
0.056050
0.056466
0.056579
0.056212
0.057265
0.056100
0.056126
0.056889
0.057381
0.056200
0.055803
0.056563
0.056570
0.056012
0.056341
0.062103
0.061213
0.070826
0.074672
0.063737
0.061814
0.073590
0.075772
0.066075
0.057742
0.064305
0.073759
0.072903
0.064029
0.058953
0.066267
0.067715
0.064441
0.057201
0.058150
0.060429
0.061638
0.059137
0.056903
0.060622
0.062981
0.065166
0.061185
0.056087
0.058833
0.060587
0.060992
0.058637
0.056643
0.056003
0.056929
0.057577
0.055730
0.057338
0.058887
0.057235
0.056101
0.055958
0.055643
0.055995
0.056150
0.055824
0.055806
0.056378
0.057078
0.057129
0.056557
0.056188
0.055685
0.056258
0.056920
0.056133
0.056833
0.056118
0.055877
0.056417
0.056616
0.056801
0.057116
0.057071
0.056826
0.056551
0.055942
0.056748
0.056984
0.056808
0.056825
0.056031
0.056175
0.056564
0.055825
0.056589
0.056176
0.056066
0.055819
0.056003
0.056192
0.056923
0.057221
0.055686
0.055487
0.056215
0.056700
0.056309
0.056419
0.055823
0.055862
0.056140
0.056015
0.056161
0.055879
0.057315
0.055987
0.055997
0.055808
0.056010
0.056256
0.056817
0.056884
0.057017
0.056940
0.056811
0.056442
0.056385
0.056077
0.055870
0.056158
0.055921
0.055772
0.056289
0.056672
0.056076
0.056425
0.056369
0.055962
0.055979
0.055947
0.055971
0.055847
0.056241
0.057751
0.060970
0.059538
0.059689
0.063891
0.062451
0.058733
0.058458
0.060081
0.059369
0.057230
0.056083
0.056385
0.056339
0.055757
0.056524
0.057784
0.058253
0.057870
0.056475
0.056883
0.058558
0.060851
0.060505
0.058915
0.058001
0.057763
0.055888
0.055788
0.056084
0.056021
0.055549
0.055701
0.056182
0.056664
0.055898
0.056739
0.057002
0.056760
0.056079
0.055418
0.056155
0.057237
0.057500
0.056000
0.056896
0.056762
0.055596
0.056505
0.057174
0.056382
0.055859
0.055948
0.055730
0.055540
0.055476
0.056832
0.055560
0.056062
0.056186
0.056033
0.055853
0.056028
0.055886
0.056419
0.055956
0.055700
0.056195
0.055937
0.055486
0.055953
0.056006
0.055989
0.056207
0.055616
0.056185
0.056164
0.055925
0.055769
0.056119
0.055737
0.055967
0.056082
0.055737
0.055726
0.057260
0.056859
0.056280
0.056007
0.055692
0.055688
0.056132
0.056015
0.056565
0.055642
0.055613
0.055506
0.055863
0.055682
0.055639
0.055897
0.055582
0.055763
0.057218
0.056108
0.056112
0.055922
0.056344
0.056078
0.055710
0.055897
0.056426
0.056487
0.056207
0.056141
0.055743
0.056432
0.055721
0.056649
0.056326
0.056061
0.056522
0.056218
0.055877
0.055898
0.056257
0.055962
0.056564
0.055955
0.056696
0.057192
0.057930
0.056410
0.056278
0.056226
0.056348
0.056836
0.056660
0.056066
0.055872
0.056003
0.056174
0.056276
0.056166
0.056124
0.056055
0.055907
0.055818
0.056124
0.055839
0.056192
0.055965
0.056072
0.056325
0.055889
0.056135
0.055826
0.055541
0.055827
0.056148
0.055788
0.056019
0.056557
0.055873
0.055916
0.056068
0.055589
0.055893
0.056464
0.056415
0.056613
0.055956
0.056033
0.056134
0.055982
0.055777
0.056191
0.056039
0.055697
0.055781
0.055860
0.056122
0.055930
0.055975
0.056293
0.056111
0.056561
0.056058
0.056163
0.056462
0.055851
0.056034
0.056685
0.056404
0.056390
0.056019
0.055787
0.055927
0.055884
0.056534
0.055836
0.056019
0.056283
0.056657
0.057845
0.057055
0.057193
0.057589
0.056732
0.056719
0.056660
0.056518
0.055862
0.056686
0.056814
0.056513
0.056859
0.056855
0.056809
0.056524
0.056741
0.056640
0.056430
0.056370
0.055785
0.056112
0.056015
0.056478
0.055883
0.055869
0.055754
0.055638
0.055860
0.056067
0.055768
0.056082
0.056100
0.056385
0.056476
0.056449
0.056783
0.056788
0.056594
0.056941
0.057724
0.056230
0.057344
0.057611
0.056669
0.057011
0.057393
0.056389
0.056429
0.056121
0.056591
0.055884
0.056107
0.056459
0.056204
0.056591
0.057225
0.055900
0.056864
0.056499
0.056818
0.056239
0.057734
0.056189
0.057459
0.056169
0.056790
0.055639
0.055776
0.055898
0.056134
0.055755
0.056903
0.055789
0.056102
0.056426
0.055565
0.056222
0.056723
0.056340
0.055830
0.056478
0.056615
0.055978
0.056665
0.055854
0.056357
0.055973
0.056358
0.055986
0.057101
0.056472
0.056621
0.056215
0.056549
0.056643
0.056244
0.056919
0.056956
0.056279
0.056599
0.056315
0.057271
0.056715
0.057698
0.057750
0.057733
0.057406
0.056611
0.056388
0.056910
0.056261
0.056145
0.055692
0.055839
0.055868
0.056142
0.056556
0.056388
0.057360
0.056760
0.056586
0.056558
0.055916
0.056124
0.055812
0.055629
0.055552
0.056199
0.056791
0.056449
0.055666
0.056493
0.056514
0.056033
0.056192
0.056321
0.056327
0.055988
0.055965
0.056478
0.056084
0.055973
0.055678
0.056680
0.055686
0.056040
0.056041
0.055942
0.056746
0.056958
0.056666
0.056409
0.056962
0.056358
0.055814
0.055919
0.055647
0.055836
0.055816
0.056769
0.057012
0.057143
0.057789
0.057331
0.056765
0.056269
0.056793
0.055914
0.056186
0.055767
0.056211
0.056721
0.056234
0.056564
0.056835
0.056672
0.056437
0.057181
0.056267
0.055791
0.055679
0.055653
0.055918
0.056780
0.056413
0.055984
0.056066
0.056814
0.056402
0.056581
0.056417
0.055507
0.056191
0.055671
0.055826
0.055783
0.056225
0.056117
0.056159
0.055623
0.055474
0.055636
0.056009
0.055684
0.055861
0.056434
0.055638
0.055975
0.055458
0.055856
0.056941
0.056199
0.056316
0.056012
0.055626
0.056391
0.056845
0.055489
0.056500
0.056936
0.055742
0.055924
0.055532
0.055569
0.055858
0.055914
0.055660
0.055976
0.055955
0.055565
0.055871
0.055658
0.055840
0.056227
0.055815
0.055655
0.055757
0.055648
0.056363
0.055714
0.056673
0.056535
0.056054
0.055701
0.055769
0.055945
0.056044
0.055676
0.056112
0.056004
0.056626
0.056494
0.056350
0.056243
0.056876
0.055831
0.056900
0.055675
0.055945
0.056041
0.056091
0.056303
0.056578
0.056894
0.056477
0.056654
0.056411
0.056000
0.056590
0.056644
0.056163
0.056098
0.056710
0.056174
0.055965
0.056142
0.056213
0.056166
0.056266
0.056741
0.056533
0.056156
0.056725
0.056101
0.055789
0.055611
0.056322
0.055679
0.056078
0.056081
