0	-12.878661	0.002378	0.094340
1	-13.181731	0.002824	0.069182
2	-6.052300	0.006280	0.003145
3	-7.988503	0.005705	0.000000
4	-12.701888	0.003333	0.056604
5	-13.397696	0.002606	0.081761
6	-14.724395	0.002141	0.103774
7	-11.571647	0.003360	0.059748
8	-11.804931	0.003431	0.091195
9	-10.126868	0.003576	0.031447
10	-17.718069	0.001961	0.110063
11	-15.313529	0.002237	0.094340
12	-12.545455	0.002940	0.059748
13	-14.080550	0.003313	0.047170
14	-16.046629	0.002134	0.094340
15	-17.229391	0.002952	0.106918
16	-9.482896	0.004334	0.015723
17	-12.623946	0.003052	0.044025
18	-10.187972	0.005001	0.025157
19	-10.093444	0.004959	0.006289
20	-7.260724	0.007524	0.000000
21	-5.283994	0.008197	0.000000
22	-8.187253	0.005760	0.018868
23	-14.443221	0.002893	0.072327
24	-14.980124	0.002476	0.066038
25	-14.589141	0.002481	0.078616
26	-11.710479	0.002968	0.034591
27	-14.155913	0.002254	0.106918
28	-9.391004	0.004880	0.003145
29	-12.161704	0.003969	0.031447
30	-12.772513	0.002535	0.088050
31	-15.073279	0.002399	0.062893
32	-11.399077	0.004771	0.028302
33	-11.035407	0.004144	0.028302
34	-13.965270	0.002250	0.088050
35	-16.351271	0.002584	0.075472
36	-15.174972	0.001685	0.119497
37	-17.173872	0.002412	0.081761
38	-12.545287	0.003717	0.047170
39	-8.997075	0.005335	0.006289
40	-18.809408	0.001834	0.103774
41	-14.740462	0.001910	0.075472
42	-16.541563	0.002338	0.100629
43	-13.512389	0.002945	0.040881
44	-15.498206	0.002968	0.050314
45	-19.004911	0.001981	0.078616
46	-13.947959	0.002292	0.066038
47	-9.919068	0.003304	0.040881
48	-12.994040	0.003243	0.034591
49	-9.250272	0.004309	0.025157
50	-10.362403	0.003547	0.018868
51	-11.831313	0.003058	0.072327
52	-11.429183	0.003415	0.056604
53	-12.034698	0.003521	0.069182
54	-13.368308	0.002921	0.081761
55	-12.669768	0.002909	0.084906
56	-12.505233	0.002517	0.097484
57	-14.872016	0.002660	0.078616
58	-12.023658	0.003621	0.075472
59	-13.680007	0.003328	0.078616
60	-10.586562	0.003978	0.069182
61	-10.776084	0.003969	0.053459
62	-10.686362	0.004683	0.050314
63	-6.272511	0.005745	0.031447
64	-8.957379	0.005097	0.050314
65	-9.792783	0.004336	0.059748
66	-9.114869	0.004035	0.056604
67	-7.808412	0.004602	0.059748
68	-10.858848	0.004134	0.066038
69	-11.150634	0.003822	0.053459
70	-9.986098	0.003782	0.059748
71	-12.445083	0.002710	0.081761
72	-12.725150	0.004065	0.037736
73	-10.319526	0.004578	0.072327
74	-6.865895	0.005287	0.053459
75	-10.296439	0.003349	0.091195
76	-7.983983	0.005307	0.047170
77	-11.597045	0.004496	0.062893
78	-8.281964	0.004230	0.075472
79	-10.344916	0.004168	0.059748
80	-11.553329	0.003635	0.059748
81	-9.567315	0.004360	0.050314
82	-10.257583	0.003851	0.047170
83	-11.830810	0.003577	0.053459
84	-12.441993	0.002656	0.091195
85	9.190576	0.030789	0.037736
86	13.620107	0.051897	0.037736
87	14.120542	0.075680	0.044025
88	15.543113	0.087416	0.040881
89	18.185144	0.096158	0.040881
90	18.579641	0.101722	0.040881
91	17.703522	0.123195	0.053459
92	19.461164	0.112604	0.044025
93	19.517275	0.106882	0.040881
94	15.918118	0.108775	0.047170
95	17.256605	0.078442	0.044025
96	14.919450	0.077753	0.025157
97	13.529544	0.061879	0.034591
98	12.712707	0.064932	0.031447
99	16.119665	0.076295	0.044025
100	17.808861	0.096065	0.047170
101	17.766914	0.094065	0.047170
102	16.760622	0.101972	0.050314
103	18.274931	0.093083	0.050314
104	15.925735	0.102024	0.047170
105	17.468500	0.083048	0.050314
106	15.735515	0.091116	0.047170
107	16.089415	0.074347	0.056604
108	13.937192	0.060311	0.053459
109	0.630763	0.019671	0.031447
110	5.897449	0.023483	0.031447
111	5.466140	0.028736	0.031447
112	6.205314	0.026213	0.018868
113	5.989631	0.026524	0.018868
114	4.429622	0.028314	0.028302
115	6.365169	0.024190	0.018868
116	4.948791	0.026169	0.015723
117	4.009013	0.019694	0.015723
118	-1.339089	0.010294	0.025157
119	2.443282	0.015975	0.015723
120	-5.103578	0.008957	0.012579
121	4.774886	0.019070	0.050314
122	8.455207	0.030295	0.040881
123	8.546403	0.042089	0.075472
124	10.840177	0.041232	0.078616
125	9.939816	0.039733	0.088050
126	10.691463	0.043540	0.088050
127	10.674958	0.042744	0.100629
128	10.294618	0.041198	0.094340
129	9.042010	0.040106	0.094340
130	9.121617	0.029767	0.116352
131	0.412139	0.017782	0.110063
132	-6.297349	0.005420	0.103774
133	-15.879203	0.002832	0.056604
134	-15.291968	0.002574	0.084906
135	-9.495122	0.004588	0.047170
136	-11.165870	0.003238	0.056604
137	-12.651305	0.003607	0.047170
138	-10.557891	0.003537	0.047170
139	-11.602256	0.002790	0.069182
140	-0.425702	0.007985	0.110063
141	-7.975957	0.004677	0.094340
142	-7.682965	0.004628	0.066038
143	-6.263421	0.006529	0.053459
144	-8.185212	0.006440	0.018868
145	-5.320134	0.005944	0.018868
146	-9.989867	0.004711	0.040881
147	-10.650191	0.003338	0.034591
148	-8.618619	0.005276	0.034591
149	-8.852105	0.004774	0.025157
150	-12.723861	0.003376	0.072327
151	-9.896909	0.004104	0.069182
152	-7.109845	0.006120	0.050314
153	-7.339192	0.005544	0.044025
154	-8.323552	0.004995	0.044025
155	-8.715364	0.005577	0.053459
156	-6.989991	0.005535	0.028302
157	-11.046653	0.005734	0.040881
158	-7.440095	0.006855	0.034591
159	-2.259351	0.007757	0.037736
160	-2.387593	0.007626	0.015723
161	-4.087171	0.010494	0.022013
162	-1.213761	0.011352	0.015723
163	0.881206	0.012476	0.015723
164	0.119285	0.014389	0.015723
165	0.884452	0.013723	0.037736
166	2.329524	0.015380	0.022013
167	1.564689	0.015502	0.015723
168	-0.120808	0.016722	0.022013
169	6.108027	0.023161	0.037736
170	6.710570	0.021648	0.031447
171	4.462314	0.022108	0.034591
172	3.203265	0.029280	0.053459
173	4.841796	0.023633	0.047170
174	4.605300	0.017795	0.062893
175	1.168246	0.010544	0.088050
176	-8.484048	0.005419	0.075472
177	-10.154876	0.003639	0.053459
178	-13.754691	0.002824	0.056604
179	-14.715858	0.002286	0.078616
180	-10.384505	0.004245	0.037736
181	-12.793860	0.004096	0.040881
182	2.928806	0.014996	0.144654
183	0.517921	0.012137	0.034591
184	7.298022	0.033478	0.059748
185	10.703258	0.042077	0.047170
186	12.544105	0.046341	0.047170
187	13.397477	0.071891	0.050314
188	14.270095	0.061946	0.072327
189	13.999019	0.052429	0.056604
190	11.274590	0.055758	0.072327
191	10.937688	0.043320	0.056604
192	3.399669	0.024970	0.072327
193	5.973495	0.023673	0.062893
194	4.858085	0.025058	0.056604
195	7.373256	0.026745	0.037736
196	4.275580	0.022365	0.050314
197	2.866943	0.015342	0.025157
198	1.490806	0.017767	0.022013
199	3.510879	0.015804	0.034591
200	1.052306	0.017491	0.022013
201	3.119273	0.016679	0.022013
202	1.785583	0.016026	0.018868
203	1.091594	0.018841	0.015723
204	3.847511	0.018779	0.025157
205	8.404777	0.028425	0.047170
206	5.839660	0.033574	0.050314
207	5.490996	0.027535	0.040881
208	7.565227	0.023092	0.034591
209	8.066098	0.024532	0.044025
210	7.111938	0.024535	0.034591
211	5.731578	0.023865	0.031447
212	-4.448682	0.009399	0.050314
213	-6.008264	0.007019	0.040881
214	-3.049866	0.011245	0.025157
215	5.363650	0.020400	0.025157
216	1.792888	0.010396	0.047170
217	-11.978477	0.003307	0.069182
218	-12.168616	0.003626	0.047170
219	-11.390639	0.003134	0.056604
220	-14.123931	0.002508	0.110063
221	-14.292335	0.002506	0.113208
222	-4.563413	0.005672	0.110063
223	2.406345	0.018550	0.034591
224	2.310497	0.024316	0.025157
225	7.555491	0.027124	0.047170
226	6.888457	0.023819	0.050314
227	5.290084	0.021262	0.066038
228	2.708694	0.023318	0.037736
229	2.702174	0.023009	0.059748
230	3.455856	0.020760	0.047170
231	3.866184	0.019534	0.044025
232	-0.413850	0.011054	0.034591
233	0.106822	0.012423	0.025157
234	-0.431622	0.011091	0.025157
235	-3.575036	0.008227	0.028302
236	-4.431104	0.009051	0.031447
237	2.270953	0.016540	0.037736
238	-0.400227	0.015064	0.044025
239	-1.582078	0.013932	0.037736
240	-1.124722	0.013355	0.072327
241	-1.778230	0.012864	0.069182
242	-1.750737	0.012228	0.069182
243	-0.498658	0.013421	0.050314
244	-3.042996	0.009885	0.037736
245	-5.533486	0.007480	0.025157
246	-6.785714	0.006753	0.062893
247	-12.116813	0.004404	0.072327
248	-11.933860	0.003517	0.053459
249	-8.188142	0.005400	0.050314
250	-6.593957	0.004926	0.028302
251	-12.158294	0.003628	0.056604
252	-7.665647	0.005442	0.044025
253	-12.272155	0.003826	0.078616
254	-13.703635	0.002602	0.094340
255	-14.054671	0.002951	0.106918
256	-11.756660	0.003596	0.069182
257	-9.782495	0.003753	0.053459
258	-14.355567	0.002437	0.172956
259	-12.015639	0.003122	0.128931
260	-14.974242	0.002399	0.182390
261	-16.473310	0.001794	0.185535
262	-15.430350	0.002349	0.044025
263	-16.582418	0.002014	0.066038
264	-13.709266	0.002467	0.062893
265	-9.108399	0.004642	0.018868
266	-10.196113	0.004018	0.037736
267	-9.471162	0.004122	0.053459
268	-17.580847	0.001994	0.113208
269	-14.564536	0.002458	0.072327
270	-12.197127	0.003293	0.078616
271	-10.248542	0.003988	0.047170
272	-9.800138	0.005413	0.025157
273	-5.059365	0.008632	0.000000
274	-8.851964	0.004568	0.062893
275	-12.793998	0.002678	0.113208
276	-12.030440	0.002840	0.103774
277	-12.585517	0.002792	0.081761
278	-13.546546	0.002805	0.091195
279	-9.561780	0.003578	0.094340
280	-6.571595	0.007067	0.006289
281	-8.880204	0.004874	0.015723
282	-15.956161	0.001858	0.147799
283	-17.133215	0.001894	0.081761
284	-14.621497	0.002613	0.056604
285	-15.613120	0.002550	0.044025
286	-9.288404	0.003972	0.053459
287	-12.037276	0.003037	0.091195
288	-10.874663	0.003973	0.050314
289	-11.349021	0.003947	0.056604
290	-12.857848	0.002544	0.084906
291	-8.513032	0.004017	0.075472
292	-5.490846	0.007595	0.015723
293	-6.495259	0.007098	0.000000
294	-3.442197	0.010425	0.000000
295	-5.244046	0.009032	0.000000
296	-5.016980	0.009594	0.000000
297	-2.440297	0.012214	0.000000
298	-7.451200	0.006157	0.006289
299	-12.957740	0.002948	0.040881
300	-15.448821	0.002330	0.075472
301	-12.257094	0.002605	0.062893
302	-11.099181	0.004322	0.018868
303	-7.527070	0.006094	0.000000
304	-10.061790	0.004235	0.006289
305	-16.668303	0.002290	0.072327
306	-11.483382	0.002958	0.062893
307	-7.303372	0.005713	0.006289
308	-18.398573	0.002344	0.084906
309	-11.269675	0.003593	0.066038
310	-6.818032	0.006342	0.000000
311	-9.992751	0.003608	0.044025
312	-19.037268	0.001593	0.110063
313	-18.365934	0.001627	0.091195
314	-11.531608	0.003700	0.037736
315	-4.249722	0.008956	0.000000
316	-1.048825	0.012869	0.000000
317	-9.000291	0.005143	0.000000
318	-9.026437	0.005318	0.000000
319	-13.728477	0.002940	0.040881
320	-16.647848	0.001702	0.110063
321	-8.732190	0.004041	0.006289
322	-14.069335	0.002123	0.110063
323	-19.627546	0.001497	0.163522
324	-6.160829	0.006480	0.000000
325	-6.739182	0.007133	0.000000
326	-8.061360	0.006378	0.000000
327	-6.998631	0.005760	0.018868
328	-5.118806	0.005680	0.047170
329	-2.428273	0.008968	0.053459
330	-0.735410	0.012530	0.037736
331	3.545951	0.016759	0.050314
332	3.137199	0.021551	0.047170
333	5.843055	0.019027	0.047170
334	4.798942	0.021405	0.044025
335	3.885661	0.022524	0.056604
336	7.013194	0.019256	0.047170
337	4.173358	0.016670	0.053459
338	-1.967751	0.015382	0.059748
339	-3.465409	0.015268	0.059748
340	-4.366242	0.011859	0.053459
341	-5.140382	0.009499	0.062893
342	-9.603265	0.004691	0.072327
343	-8.985768	0.004027	0.075472
344	-14.264785	0.002770	0.116352
345	-8.802232	0.005450	0.025157
346	-10.638274	0.004811	0.091195
347	-7.783391	0.005140	0.059748
348	-11.848540	0.003544	0.084906
349	-9.803895	0.003304	0.094340
350	-13.837523	0.002442	0.144654
351	-15.658057	0.002399	0.110063
352	-12.943557	0.002802	0.128931
353	-11.042869	0.003355	0.072327
354	-13.866218	0.002600	0.062893
355	-14.729102	0.002729	0.144654
356	-12.316215	0.002790	0.116352
357	-11.712409	0.002943	0.103774
358	-14.196105	0.002856	0.110063
359	-12.178817	0.002779	0.103774
360	-12.337661	0.002828	0.084906
361	-12.850242	0.002358	0.176101
362	-12.560523	0.002553	0.100629
363	-14.660888	0.002531	0.081761
364	-14.378684	0.002516	0.066038
365	-16.607199	0.002333	0.066038
366	-11.176734	0.002947	0.059748
367	-3.326535	0.007930	0.025157
368	-3.267079	0.009497	0.044025
369	5.102084	0.019648	0.031447
370	7.989486	0.027588	0.037736
371	9.277490	0.038269	0.037736
372	10.206656	0.053013	0.037736
373	10.771062	0.046345	0.044025
374	9.908433	0.033684	0.053459
375	4.510142	0.030230	0.044025
376	6.435615	0.023907	0.044025
377	8.928819	0.029962	0.028302
378	10.077880	0.050967	0.069182
379	10.780400	0.043230	0.078616
380	11.017558	0.032973	0.053459
381	7.533080	0.044265	0.072327
382	10.669309	0.037386	0.062893
383	11.414226	0.035951	0.053459
384	7.559310	0.038357	0.066038
385	6.997188	0.032508	0.053459
386	5.295966	0.018922	0.034591
387	-1.486665	0.011904	0.022013
388	-2.557725	0.012827	0.022013
389	0.378547	0.011419	0.034591
390	0.845813	0.010877	0.037736
391	-2.480767	0.011866	0.022013
392	-4.103623	0.011433	0.040881
393	-0.487302	0.009753	0.034591
394	4.135100	0.017650	0.040881
395	6.333789	0.031646	0.040881
396	7.244838	0.034327	0.066038
397	10.681939	0.033080	0.062893
398	8.872273	0.040647	0.062893
399	9.045491	0.040881	0.081761
400	10.911592	0.033421	0.062893
401	6.147067	0.031161	0.088050
402	3.988132	0.018807	0.075472
403	-2.567292	0.011119	0.031447
404	-5.030278	0.008975	0.009434
405	-2.371228	0.009104	0.006289
406	-3.617802	0.008002	0.015723
407	-4.597253	0.008973	0.009434
408	-6.612737	0.007738	0.018868
409	-11.715362	0.002989	0.056604
410	-11.196113	0.003506	0.103774
411	2.663642	0.016935	0.314465
412	1.152320	0.014751	0.257862
413	3.859592	0.018751	0.050314
414	8.378839	0.031524	0.025157
415	7.795619	0.036123	0.040881
416	9.710252	0.033743	0.034591
417	5.874240	0.029794	0.034591
418	5.060645	0.024676	0.028302
419	7.694091	0.023963	0.034591
420	5.271018	0.029249	0.031447
421	3.676074	0.014554	0.028302
422	1.745288	0.018903	0.022013
423	4.960151	0.025162	0.028302
424	8.771821	0.028651	0.025157
425	7.881579	0.039400	0.050314
426	9.874848	0.034530	0.050314
427	7.517028	0.034498	0.034591
428	8.186793	0.031305	0.044025
429	7.131579	0.030133	0.022013
430	3.472862	0.020870	0.031447
431	-1.239663	0.008897	0.056604
432	-10.957603	0.004588	0.062893
433	-11.903838	0.003925	0.040881
434	-6.065446	0.006650	0.056604
435	2.900810	0.013443	0.022013
436	7.375266	0.026972	0.028302
437	7.663398	0.041410	0.044025
438	8.185176	0.040121	0.031447
439	7.016406	0.023836	0.034591
440	3.454456	0.018694	0.040881
441	0.408267	0.019078	0.053459
442	2.010974	0.018676	0.034591
443	4.184775	0.020637	0.031447
444	7.310824	0.025177	0.047170
445	8.784669	0.027271	0.069182
446	8.263936	0.025550	0.056604
447	6.781455	0.022617	0.066038
448	4.584865	0.021935	0.047170
449	3.253581	0.023028	0.044025
450	1.590537	0.018823	0.040881
451	-2.670876	0.011382	0.022013
452	-3.282315	0.008509	0.028302
453	-4.040334	0.007502	0.031447
454	-6.594098	0.006960	0.050314
455	-7.459264	0.006321	0.047170
456	-11.534820	0.004753	0.037736
457	-11.966369	0.005837	0.059748
458	-7.723393	0.006169	0.031447
459	-6.690419	0.005166	0.025157
460	-4.559522	0.006210	0.025157
461	-7.923001	0.004013	0.062893
462	-11.986175	0.004043	0.031447
463	-9.745358	0.003471	0.053459
464	-11.937812	0.003214	0.040881
465	-10.349219	0.003313	0.056604
466	-11.314651	0.003262	0.044025
467	-13.874106	0.003192	0.053459
468	-10.438628	0.004901	0.022013
469	-12.444251	0.004304	0.034591
470	-11.435248	0.003877	0.025157
471	-15.137969	0.002910	0.069182
472	-11.420783	0.002977	0.066038
473	-17.965864	0.001865	0.147799
474	-17.419294	0.001848	0.097484
475	-13.537749	0.002488	0.103774
476	-15.078712	0.002235	0.072327
477	-12.644240	0.003042	0.053459
478	-14.495360	0.002340	0.062893
479	-13.676818	0.002498	0.069182
480	-16.000036	0.001881	0.100629
481	-14.862296	0.002147	0.113208
482	-17.812948	0.001951	0.110063
483	-15.266196	0.001915	0.072327
484	-14.929252	0.002242	0.088050
485	-13.571059	0.003163	0.056604
486	-16.622160	0.001879	0.097484
487	-16.077864	0.002038	0.116352
488	-14.350692	0.002140	0.125786
489	-14.725654	0.002249	0.100629
490	-16.780577	0.001816	0.144654
491	-16.995451	0.002327	0.103774
492	-11.651374	0.003804	0.025157
493	-14.821921	0.002830	0.072327
494	-12.190291	0.003348	0.053459
495	-16.145041	0.002041	0.103774
496	-17.020933	0.001882	0.110063
497	-15.062011	0.002322	0.066038
498	-16.841528	0.002186	0.110063
499	-13.054801	0.002990	0.053459
500	-14.729598	0.002708	0.037736
501	-18.936087	0.001665	0.116352
502	-14.315177	0.002191	0.084906
503	-16.289183	0.002136	0.088050
504	-8.656583	0.005524	0.018868
505	-13.898505	0.003724	0.056604
506	-17.395109	0.002352	0.157233
507	-8.102899	0.005885	0.006289
508	-11.744498	0.003828	0.056604
509	-11.067779	0.003519	0.040881
510	-15.501006	0.002658	0.056604
511	-12.405128	0.003798	0.037736
512	-6.416703	0.006380	0.000000
513	-15.035583	0.002432	0.091195
514	-13.016662	0.002610	0.088050
515	-15.820975	0.002269	0.106918
516	-16.879179	0.001888	0.106918
517	-14.090613	0.002509	0.100629
518	-11.894202	0.003639	0.056604
519	-6.810491	0.006367	0.000000
520	-9.119485	0.004917	0.000000
521	-7.276719	0.005416	0.040881
522	-8.977387	0.005128	0.081761
523	-6.723161	0.005118	0.066038
524	-7.559495	0.007092	0.047170
525	-9.055909	0.004937	0.044025
526	-11.233008	0.003632	0.037736
527	-12.238791	0.003214	0.059748
528	-14.268600	0.002684	0.078616
529	-14.785872	0.002663	0.125786
530	-10.297835	0.003738	0.062893
531	-7.560636	0.005717	0.031447
532	-13.085769	0.002928	0.088050
533	-9.825440	0.004146	0.075472
534	-11.489661	0.003239	0.047170
535	-11.146323	0.003618	0.028302
536	-15.334945	0.002902	0.066038
537	-11.867553	0.003382	0.044025
538	-5.001424	0.007882	0.015723
539	-7.002397	0.005012	0.040881
540	-6.191701	0.007330	0.025157
541	-6.207444	0.005062	0.025157
542	-6.587045	0.007751	0.012579
543	-4.824334	0.006988	0.015723
544	-4.964490	0.006592	0.012579
545	-13.413413	0.003309	0.066038
546	-9.254804	0.005779	0.012579
547	-8.221242	0.005074	0.018868
548	-6.265038	0.006421	0.009434
549	-11.267234	0.003963	0.047170
550	-10.289428	0.003346	0.062893
551	-13.312118	0.002690	0.075472
552	-13.597732	0.002882	0.088050
553	-10.591025	0.003180	0.047170
554	-11.610450	0.003103	0.044025
555	-10.451087	0.004989	0.028302
556	-9.901650	0.004666	0.003145
557	-13.752822	0.003197	0.050314
558	-10.390807	0.004115	0.047170
559	-8.353131	0.005186	0.022013
560	-12.810393	0.003798	0.056604
561	-14.146186	0.003013	0.091195
562	-10.748458	0.004027	0.062893
563	-9.786813	0.005426	0.040881
564	-7.853024	0.005910	0.047170
565	-4.701936	0.006583	0.062893
566	-5.486650	0.006157	0.044025
567	-5.179547	0.005671	0.062893
568	-8.045640	0.005835	0.072327
569	-8.514943	0.005777	0.062893
570	-8.671479	0.004905	0.091195
571	-5.054250	0.005496	0.066038
572	-6.653714	0.005033	0.044025
573	-8.116757	0.004456	0.072327
574	-11.403571	0.005630	0.066038
575	-11.542319	0.004254	0.075472
576	-5.331880	0.004930	0.072327
577	-5.132722	0.005660	0.075472
578	-7.761750	0.006385	0.047170
579	-10.026786	0.005012	0.069182
580	-7.660748	0.005033	0.053459
581	-8.753179	0.003856	0.050314
582	-8.434037	0.004353	0.037736
583	-12.867911	0.003822	0.025157
584	-13.258246	0.002467	0.059748
585	-16.712835	0.001892	0.091195
586	-16.633413	0.002167	0.078616
587	-11.931190	0.002880	0.053459
588	-13.652030	0.002408	0.097484
589	-16.638479	0.002343	0.072327
590	-16.759268	0.002048	0.091195
591	-11.891372	0.002865	0.062893
592	-10.416366	0.003160	0.047170
593	-11.778205	0.004058	0.056604
594	-11.022170	0.003565	0.056604
595	-9.259282	0.004486	0.037736
596	-7.945840	0.004489	0.050314
597	-10.636802	0.005227	0.050314
598	-10.757255	0.004095	0.053459
599	-8.875718	0.004510	0.044025
600	-9.300721	0.003953	0.047170
601	-5.688104	0.005693	0.037736
602	-8.922414	0.003823	0.062893
603	-13.170905	0.003161	0.072327
604	-12.732673	0.003457	0.053459
605	-9.020799	0.003349	0.094340
606	-12.789954	0.003690	0.072327
607	-9.110436	0.005526	0.034591
608	-7.284566	0.006065	0.031447
609	-5.585717	0.007036	0.018868
610	-6.098275	0.005982	0.028302
611	-5.475678	0.005762	0.025157
612	-10.047637	0.004955	0.031447
613	-10.961898	0.003874	0.028302
614	-9.896581	0.004587	0.018868
615	-11.150718	0.003694	0.040881
616	-14.136550	0.002928	0.047170
617	-9.583619	0.004230	0.044025
618	-8.675351	0.004271	0.053459
619	-9.463368	0.003440	0.062893
620	-10.308524	0.004197	0.075472
621	-7.811845	0.005949	0.031447
622	-6.969598	0.004883	0.075472
623	-6.618379	0.005149	0.034591
624	-6.526444	0.005545	0.022013
625	-7.619214	0.006987	0.037736
626	-5.761544	0.006668	0.025157
627	-6.057866	0.005153	0.047170
628	-7.634248	0.004392	0.062893
629	-11.507201	0.003673	0.059748
630	-9.232617	0.003947	0.047170
631	-12.532317	0.003477	0.081761
632	-8.474820	0.004987	0.031447
633	-6.525113	0.005445	0.022013
634	-9.750367	0.003762	0.081761
635	-11.964652	0.003734	0.069182
636	-8.132073	0.004335	0.069182
637	-10.590652	0.004383	0.047170
638	-11.064055	0.004863	0.050314
639	-6.746358	0.006176	0.031447
640	-8.385747	0.005124	0.047170
641	-10.598449	0.003729	0.037736
642	-13.464530	0.003545	0.088050
643	-12.431632	0.003042	0.078616
644	-12.436675	0.003724	0.084906
645	-13.319823	0.002795	0.081761
646	-10.800147	0.003178	0.069182
647	-12.794471	0.003028	0.078616
648	-12.455642	0.002862	0.050314
649	-12.021560	0.003378	0.053459
650	-10.292403	0.004588	0.037736
651	-13.406478	0.002920	0.053459
652	-14.132003	0.003028	0.066038
653	-10.668418	0.003165	0.066038
654	-11.552680	0.002951	0.072327
655	-11.705840	0.003581	0.066038
656	-12.621276	0.003321	0.066038
657	-10.982223	0.003142	0.059748
658	-11.931823	0.003496	0.062893
659	-11.205947	0.003827	0.044025
660	-12.529395	0.003047	0.072327
661	-10.609679	0.003451	0.078616
662	-12.278045	0.003435	0.075472
663	-11.654639	0.003265	0.047170
664	-11.487578	0.003550	0.059748
665	-12.120353	0.003225	0.084906
666	-11.184638	0.004241	0.050314
667	-12.428344	0.003584	0.062893
668	-13.779914	0.003384	0.075472
669	-12.604491	0.002712	0.084906
670	-12.318328	0.003221	0.075472
671	-12.619216	0.002875	0.062893
672	-11.025558	0.003787	0.072327
673	-9.974463	0.003604	0.084906
674	-10.187179	0.003531	0.062893
675	-9.580720	0.003327	0.106918
676	-10.175559	0.004212	0.031447
677	-11.116584	0.004136	0.034591
678	-9.566670	0.003398	0.062893
679	-13.635192	0.002731	0.116352
680	-13.620872	0.002525	0.069182
681	-14.814368	0.002374	0.084906
682	-11.924384	0.002741	0.066038
683	-11.949843	0.003346	0.044025
684	-11.011786	0.003191	0.066038
685	-15.037925	0.002206	0.097484
686	-10.955703	0.004174	0.081761
687	-14.322997	0.002478	0.088050
688	-12.093642	0.003090	0.075472
689	-14.414123	0.003050	0.056604
690	-13.379088	0.003447	0.044025
691	-14.282119	0.002836	0.078616
692	-10.601043	0.002966	0.088050
693	-12.992560	0.002779	0.044025
694	-12.539107	0.002955	0.059748
695	-13.719634	0.002447	0.062893
696	-13.379066	0.002354	0.084906
697	-16.247580	0.002379	0.081761
698	-13.641738	0.002415	0.072327
699	-14.339286	0.002467	0.044025
700	-14.680045	0.002444	0.062893
701	-17.600706	0.001621	0.113208
702	-13.254142	0.002858	0.053459
703	-19.257681	0.001778	0.094340
704	-15.053527	0.002569	0.069182
705	-8.732900	0.003943	0.031447
706	-12.736793	0.003793	0.018868
707	-10.493430	0.003360	0.040881
708	-16.418974	0.001874	0.078616
709	-15.879333	0.002032	0.084906
710	-16.145666	0.002653	0.056604
711	-11.219657	0.003151	0.022013
712	-10.968986	0.004639	0.018868
713	-13.813918	0.002304	0.059748
714	-17.849478	0.001748	0.110063
715	-15.279860	0.002541	0.037736
716	-15.127997	0.002206	0.072327
717	-13.538466	0.002932	0.075472
718	-16.499899	0.002623	0.078616
719	-17.425581	0.001970	0.066038
720	-13.155250	0.003212	0.062893
721	-13.769485	0.002526	0.059748
722	-11.173324	0.002998	0.040881
723	-14.615897	0.002063	0.106918
724	-13.216460	0.002723	0.062893
725	-12.751410	0.003087	0.062893
726	-12.838508	0.002604	0.072327
727	-11.659583	0.003416	0.056604
728	-14.002036	0.002405	0.097484
729	-12.535491	0.003383	0.056604
730	-14.145057	0.002571	0.081761
731	-11.403411	0.003872	0.031447
732	-10.872893	0.004027	0.050314
733	-15.890601	0.002376	0.069182
734	-12.184737	0.002822	0.050314
735	-14.176688	0.002888	0.034591
736	-15.001060	0.002303	0.059748
737	-18.593878	0.001510	0.106918
738	-13.313933	0.002602	0.062893
739	-17.747038	0.001837	0.069182
740	-18.484480	0.001543	0.094340
741	-16.845694	0.001777	0.103774
742	-17.405706	0.001648	0.119497
743	-11.629195	0.003714	0.028302
744	-16.520880	0.001970	0.094340
745	-16.635756	0.002183	0.072327
746	-17.062483	0.001648	0.091195
747	-17.793631	0.001983	0.094340
748	-9.115037	0.004467	0.018868
749	-10.044845	0.004099	0.018868
750	-9.604779	0.004231	0.028302
751	-13.703429	0.003113	0.050314
752	-11.521255	0.003060	0.069182
753	-14.957824	0.001929	0.106918
754	-14.964934	0.002121	0.097484
755	-16.488523	0.002059	0.088050
756	-11.616103	0.003322	0.044025
757	-12.443122	0.003737	0.028302
758	-9.502137	0.004822	0.000000
759	-16.600645	0.002231	0.106918
760	-16.509565	0.001751	0.075472
761	-14.069190	0.002100	0.078616
762	-15.685096	0.002104	0.088050
763	-12.771636	0.002628	0.059748
764	-17.199888	0.001735	0.106918
765	-16.353071	0.001772	0.072327
766	-14.097762	0.002938	0.056604
767	-12.612151	0.003354	0.053459
768	-10.855147	0.004089	0.018868
769	-8.488118	0.005024	0.012579
770	-13.167998	0.002775	0.062893
771	-15.982772	0.002392	0.072327
772	-18.604071	0.001698	0.100629
773	-17.602522	0.002041	0.091195
774	-15.244712	0.002271	0.110063
775	-10.752814	0.003442	0.059748
776	-8.374772	0.005660	0.006289
777	-9.566903	0.005182	0.006289
778	-14.087234	0.002607	0.066038
779	-15.648940	0.002189	0.097484
780	-12.895156	0.002789	0.037736
781	-10.104766	0.003493	0.012579
782	-12.846190	0.002276	0.100629
783	-15.706405	0.001864	0.103774
784	-14.442245	0.002494	0.075472
785	-11.767928	0.003691	0.031447
786	-14.221229	0.002379	0.075472
787	-17.876493	0.001922	0.084906
788	-13.594115	0.002442	0.062893
789	-15.537345	0.001792	0.135220
790	-13.143821	0.002706	0.040881
791	-14.820815	0.002880	0.056604
792	-13.592582	0.002487	0.075472
793	-16.010656	0.001749	0.091195
794	-11.058257	0.003911	0.025157
795	-11.742034	0.003524	0.031447
796	-8.766473	0.004766	0.000000
797	-18.079641	0.002388	0.050314
798	-17.255171	0.002334	0.088050
799	-11.441108	0.003925	0.037736
800	-12.044806	0.003197	0.040881
801	-17.003004	0.002623	0.053459
802	-16.359793	0.002065	0.069182
803	-14.720725	0.002069	0.091195
804	-13.498763	0.002918	0.075472
805	-13.162787	0.002947	0.059748
806	-14.790130	0.002501	0.059748
807	-12.540816	0.002701	0.053459
808	-15.406432	0.001950	0.100629
809	-18.252455	0.001431	0.119497
810	-15.541991	0.002092	0.072327
811	-15.757354	0.002309	0.040881
812	-12.078582	0.003208	0.047170
813	-13.370131	0.002745	0.040881
814	-18.136442	0.001677	0.097484
815	-10.250846	0.003424	0.031447
816	-15.232642	0.002386	0.075472
817	-9.548886	0.005977	0.040881
818	0.819003	0.014645	0.022013
819	2.710174	0.019972	0.028302
820	4.950648	0.022247	0.034591
821	7.038497	0.024707	0.034591
822	6.869193	0.029482	0.040881
823	6.646861	0.030252	0.028302
824	7.001918	0.032333	0.022013
825	8.268352	0.032028	0.022013
826	8.092343	0.033656	0.015723
827	7.560454	0.036324	0.015723
828	8.432441	0.038911	0.015723
829	12.067626	0.047783	0.066038
830	10.225175	0.055967	0.031447
831	13.093888	0.059780	0.028302
832	13.111026	0.055512	0.037736
833	12.438750	0.059722	0.025157
834	13.225110	0.061499	0.025157
835	13.054553	0.061131	0.028302
836	12.467341	0.058682	0.025157
837	13.094447	0.057145	0.044025
838	12.325347	0.062515	0.025157
839	13.157378	0.052334	0.056604
840	-3.203030	0.013011	0.094340
841	-3.848092	0.009607	0.059748
842	11.196416	0.043348	0.062893
843	13.856273	0.054332	0.044025
844	13.293508	0.068346	0.056604
845	13.571197	0.058725	0.056604
846	13.643754	0.051546	0.072327
847	12.289779	0.061631	0.078616
848	11.476583	0.049408	0.072327
849	11.036969	0.040751	0.056604
850	8.695283	0.035689	0.034591
851	-3.158097	0.010707	0.012579
852	1.224097	0.012917	0.022013
853	2.276771	0.015796	0.028302
854	2.285484	0.020782	0.018868
855	4.006846	0.016773	0.034591
856	3.758498	0.018023	0.022013
857	2.767177	0.021544	0.018868
858	4.549567	0.018333	0.018868
859	2.574367	0.020505	0.018868
860	2.155231	0.015681	0.018868
861	-3.145520	0.011492	0.018868
862	-7.133546	0.006502	0.047170
863	-10.969947	0.003658	0.037736
864	-11.467628	0.003258	0.053459
865	-11.637748	0.003285	0.056604
866	-14.989417	0.003478	0.050314
867	-15.434112	0.002814	0.047170
868	-14.318671	0.002230	0.088050
869	-15.003875	0.002095	0.081761
870	-13.872397	0.003043	0.075472
871	-5.780576	0.009197	0.081761
872	3.294322	0.019709	0.040881
873	5.990722	0.024692	0.056604
874	5.258513	0.029207	0.044025
875	7.866744	0.029701	0.075472
876	6.362853	0.028578	0.059748
877	4.755191	0.030839	0.053459
878	0.631522	0.015414	0.018868
879	-0.945313	0.010824	0.015723
880	-3.646901	0.010867	0.009434
881	-3.455342	0.008398	0.018868
882	-7.814137	0.004978	0.040881
883	-10.105048	0.004364	0.053459
884	-11.349982	0.003823	0.078616
885	-8.888730	0.005885	0.081761
886	0.933196	0.013361	0.119497
887	-3.249127	0.008761	0.201258
888	-5.185895	0.007651	0.229560
889	-2.733380	0.009903	0.248428
890	-5.369649	0.007665	0.276730
891	-1.743207	0.009916	0.235849
892	0.372588	0.012594	0.276730
893	1.800170	0.013892	0.261006
894	1.734740	0.015113	0.283019
895	-0.655846	0.011751	0.345912
896	-1.134992	0.011562	0.352201
897	-1.784371	0.011292	0.345912
898	-0.980035	0.010712	0.229560
899	7.025691	0.023719	0.072327
900	0.386886	0.014397	0.034591
901	8.806170	0.028339	0.037736
902	9.078885	0.034778	0.034591
903	9.167367	0.037981	0.031447
904	9.363471	0.037215	0.015723
905	8.481175	0.036560	0.015723
906	7.415362	0.034444	0.015723
907	6.221160	0.023985	0.022013
908	5.019485	0.025189	0.018868
909	4.255607	0.017721	0.034591
910	3.878818	0.024533	0.015723
911	4.641299	0.021513	0.025157
912	4.504840	0.016866	0.025157
913	1.456279	0.021922	0.022013
914	4.666553	0.016169	0.025157
915	3.100177	0.022711	0.015723
916	2.962032	0.018930	0.015723
917	2.280887	0.014228	0.025157
918	2.013858	0.018961	0.015723
919	0.333804	0.016889	0.025157
920	-1.994202	0.011378	0.034591
921	-0.962487	0.010075	0.037736
922	-3.539342	0.007559	0.056604
923	-4.780210	0.010203	0.062893
924	-6.863660	0.008795	0.044025
925	-5.164315	0.006308	0.072327
926	3.111858	0.017393	0.081761
927	7.834109	0.032216	0.059748
928	11.951539	0.052954	0.050314
929	11.513978	0.050157	0.037736
930	14.980472	0.065438	0.034591
931	14.972894	0.061401	0.040881
932	11.921231	0.064917	0.037736
933	11.648047	0.057258	0.031447
934	13.394061	0.051846	0.028302
935	12.962617	0.053754	0.034591
936	11.600854	0.060358	0.044025
937	11.083631	0.043900	0.031447
938	10.102853	0.042391	0.022013
939	7.752608	0.037377	0.022013
940	6.126472	0.031732	0.050314
941	10.565946	0.039529	0.047170
942	14.393697	0.058358	0.044025
943	13.529122	0.069902	0.056604
944	11.262893	0.055971	0.059748
945	13.177714	0.052862	0.062893
946	13.142303	0.049995	0.050314
947	10.900022	0.057779	0.062893
948	10.799333	0.053558	0.062893
949	12.822236	0.049611	0.040881
950	11.946630	0.043945	0.040881
951	0.595302	0.022957	0.025157
952	-6.111856	0.007575	0.028302
953	-1.374387	0.010083	0.040881
954	7.329402	0.021380	0.072327
955	1.815372	0.018546	0.062893
956	-6.966470	0.007312	0.128931
957	0.799895	0.021653	0.059748
958	4.523696	0.024162	0.047170
959	1.564387	0.013185	0.207547
960	0.557674	0.012829	0.261006
961	-0.847669	0.011308	0.327044
962	0.649871	0.013094	0.336478
963	-0.125039	0.013197	0.270440
964	1.169719	0.015353	0.286164
965	-0.657979	0.012858	0.371069
966	1.466804	0.017935	0.383648
967	1.462833	0.013791	0.371069
968	-1.393861	0.012350	0.371069
969	3.016254	0.017603	0.308176
970	-1.077927	0.011626	0.323899
971	-0.966386	0.011072	0.254717
972	-2.866479	0.011516	0.034591
973	2.029861	0.013624	0.028302
974	6.835189	0.029800	0.034591
975	8.041160	0.030967	0.066038
976	6.757972	0.030805	0.040881
977	6.003116	0.029466	0.040881
978	6.076884	0.022683	0.053459
979	-3.622773	0.008896	0.062893
980	-9.094502	0.004978	0.053459
981	-13.254081	0.004601	0.081761
982	-13.454574	0.004226	0.075472
983	-13.782760	0.002857	0.094340
984	-13.983504	0.003049	0.088050
985	-11.611617	0.003818	0.081761
986	-12.819434	0.002448	0.084906
987	-12.761817	0.002978	0.066038
988	-13.281707	0.003102	0.050314
989	-12.279143	0.003679	0.100629
990	0.094978	0.014553	0.040881
991	8.543256	0.027541	0.044025
992	6.476363	0.035873	0.031447
993	7.082221	0.030870	0.056604
994	10.128118	0.031646	0.053459
995	10.477820	0.033540	0.037736
996	7.996936	0.035618	0.040881
997	6.060000	0.037689	0.044025
998	5.897349	0.031971	0.044025
999	5.502776	0.021524	0.040881
1000	2.764758	0.014800	0.012579
1001	0.965568	0.015571	0.028302
1002	-1.136327	0.014758	0.018868
1003	1.186816	0.014400	0.012579
1004	3.217216	0.016702	0.022013
1005	3.842067	0.015930	0.022013
1006	6.492576	0.023919	0.062893
1007	8.095353	0.032384	0.062893
1008	5.753978	0.034791	0.084906
1009	4.798949	0.029879	0.078616
1010	6.550593	0.028113	0.081761
1011	7.829261	0.027061	0.084906
1012	6.750628	0.022748	0.081761
1013	5.930804	0.022305	0.069182
1014	4.656188	0.021630	0.053459
1015	3.689998	0.021456	0.031447
1016	-7.888394	0.007885	0.062893
1017	-13.218558	0.003984	0.056604
1018	-12.768813	0.004049	0.056604
1019	-15.632697	0.002121	0.091195
1020	-15.015471	0.002556	0.103774
1021	-8.136212	0.005208	0.018868
1022	-14.407424	0.002788	0.100629
1023	-16.084555	0.002302	0.116352
1024	-16.183645	0.002400	0.081761
1025	-10.190406	0.003619	0.066038
1026	-11.377112	0.002769	0.081761
1027	-13.829337	0.003382	0.069182
1028	-11.782790	0.003128	0.179245
1029	-14.518111	0.002931	0.078616
1030	-13.560424	0.002884	0.078616
1031	-11.978675	0.002739	0.047170
1032	-12.899520	0.003111	0.047170
1033	-11.552375	0.003382	0.034591
1034	-11.862334	0.002980	0.072327
1035	-11.917533	0.003446	0.047170
1036	-12.335814	0.003483	0.040881
1037	-13.784179	0.002938	0.031447
1038	-13.405044	0.002349	0.081761
1039	-16.507864	0.002266	0.075472
1040	-15.713614	0.001882	0.116352
1041	-12.624129	0.002888	0.056604
1042	-10.560088	0.003094	0.078616
1043	-13.835341	0.003006	0.053459
1044	-12.184577	0.003382	0.031447
1045	-15.195960	0.002377	0.050314
1046	-15.179389	0.002395	0.056604
1047	-14.031249	0.002522	0.066038
1048	-14.425513	0.003024	0.062893
1049	-14.687850	0.003095	0.047170
1050	-14.769553	0.003131	0.066038
1051	-11.090262	0.003899	0.072327
1052	-10.605033	0.003503	0.034591
1053	-14.217292	0.002901	0.072327
1054	-15.025207	0.002261	0.091195
1055	-16.356512	0.002522	0.081761
1056	-17.213545	0.001944	0.150943
1057	-11.436530	0.003496	0.031447
1058	-9.460748	0.004568	0.034591
1059	-10.405532	0.003967	0.015723
1060	-12.036338	0.003317	0.059748
1061	-14.318954	0.002567	0.044025
1062	-11.769446	0.003745	0.012579
1063	-10.339599	0.004760	0.025157
1064	-14.060554	0.002871	0.084906
1065	-12.981391	0.002618	0.091195
1066	-13.426513	0.002804	0.100629
1067	-11.062583	0.004241	0.044025
1068	-8.834878	0.003976	0.081761
1069	-15.739577	0.002872	0.069182
1070	-16.427481	0.001787	0.166667
1071	-15.136954	0.002211	0.094340
1072	-13.352225	0.002859	0.088050
1073	-15.277503	0.002886	0.056604
1074	-11.245086	0.002908	0.097484
1075	-9.106069	0.005447	0.044025
1076	-13.427413	0.003062	0.110063
1077	-10.583449	0.003440	0.069182
1078	-12.163596	0.003122	0.056604
1079	-7.849729	0.005333	0.062893
1080	-9.060258	0.003821	0.066038
1081	-12.873130	0.003021	0.059748
1082	-10.175765	0.004836	0.050314
1083	-12.312781	0.002902	0.094340
1084	-14.761649	0.002575	0.103774
1085	-15.113685	0.002160	0.125786
1086	-15.320457	0.002624	0.075472
1087	-13.791717	0.002806	0.069182
1088	-12.958816	0.003210	0.062893
1089	-14.088454	0.003275	0.056604
1090	-7.955834	0.004714	0.078616
1091	-11.672126	0.003513	0.066038
1092	-8.092492	0.004496	0.018868
1093	-11.959044	0.003267	0.072327
1094	-14.589355	0.002189	0.119497
1095	-10.778052	0.003804	0.037736
1096	-10.097022	0.004298	0.012579
1097	-10.500365	0.004209	0.022013
1098	-12.808509	0.003463	0.050314
1099	-12.553382	0.003169	0.069182
1100	-13.500220	0.003091	0.053459
1101	-11.833838	0.003238	0.103774
1102	-13.927871	0.002522	0.072327
1103	-14.364486	0.002440	0.088050
1104	-11.190383	0.003401	0.047170
1105	-13.254081	0.002659	0.075472
1106	-15.459334	0.001930	0.088050
1107	-14.293738	0.002456	0.062893
1108	-11.900107	0.003795	0.047170
1109	-15.147170	0.002384	0.075472
1110	-12.858626	0.002686	0.075472
1111	-14.682631	0.002472	0.066038
1112	-16.883718	0.001975	0.122642
1113	-15.140632	0.002161	0.103774
1114	-13.883216	0.003166	0.037736
1115	-12.819274	0.004100	0.069182
1116	-3.505864	0.009615	0.072327
1117	-4.631711	0.008517	0.094340
1118	2.149253	0.016843	0.047170
1119	10.733396	0.040154	0.034591
1120	10.718680	0.047053	0.034591
1121	11.701379	0.049758	0.022013
1122	9.821830	0.039967	0.031447
1123	6.107196	0.029312	0.040881
1124	5.690860	0.019116	0.040881
1125	3.726981	0.022238	0.015723
1126	4.221377	0.022916	0.015723
1127	4.467849	0.018154	0.025157
1128	2.129646	0.015827	0.022013
1129	-1.594670	0.010834	0.012579
1130	-4.794793	0.011286	0.037736
1131	-2.869828	0.009606	0.176101
1132	0.150973	0.014558	0.188679
1133	0.463046	0.014140	0.267296
1134	-0.961034	0.011991	0.308176
1135	0.762626	0.016674	0.238994
1136	3.732703	0.021511	0.229560
1137	1.642062	0.014580	0.301887
1138	0.424480	0.015619	0.220126
1139	1.893001	0.019016	0.223270
1140	-1.026116	0.014137	0.194969
1141	2.492618	0.021835	0.006289
1142	3.570937	0.023480	0.040881
1143	11.591018	0.040935	0.044025
1144	10.557895	0.045262	0.069182
1145	10.289981	0.044862	0.075472
1146	7.567985	0.025886	0.062893
1147	-2.963925	0.008925	0.040881
1148	-9.421540	0.005642	0.028302
1149	-10.438849	0.003861	0.069182
1150	-14.228675	0.002466	0.103774
1151	-12.031714	0.002885	0.062893
1152	-11.915885	0.003001	0.059748
1153	-16.832403	0.001786	0.110063
1154	-15.141555	0.002936	0.069182
1155	-16.029554	0.001990	0.091195
1156	-16.239798	0.002333	0.069182
1157	-16.569479	0.001810	0.113208
1158	-12.678649	0.002395	0.091195
1159	-10.135795	0.004313	0.025157
1160	-10.676177	0.003887	0.031447
1161	-1.764050	0.011457	0.081761
1162	2.835468	0.020609	0.040881
1163	5.506087	0.022035	0.018868
1164	5.794116	0.023452	0.028302
1165	4.748023	0.023837	0.031447
1166	5.450053	0.020583	0.028302
1167	5.488574	0.027681	0.031447
1168	7.347308	0.029256	0.015723
1169	8.608434	0.034295	0.022013
1170	9.183921	0.046942	0.025157
1171	11.961722	0.054520	0.025157
1172	10.510936	0.045851	0.025157
1173	9.811717	0.040192	0.034591
1174	9.976214	0.045007	0.034591
1175	10.013240	0.039900	0.066038
1176	9.438254	0.041080	0.040881
1177	9.350482	0.038620	0.084906
1178	9.829946	0.041657	0.072327
1179	9.999425	0.039081	0.088050
1180	9.346396	0.041077	0.075472
1181	9.789178	0.035873	0.059748
1182	8.596438	0.038449	0.062893
1183	8.998881	0.041414	0.031447
1184	9.913945	0.037080	0.037736
1185	-4.385640	0.011339	0.056604
1186	-7.998456	0.004455	0.088050
1187	3.460700	0.014441	0.059748
1188	1.954311	0.016634	0.062893
1189	-1.088818	0.012482	0.015723
1190	-6.827977	0.006442	0.025157
1191	-5.481999	0.008749	0.025157
1192	-7.246247	0.005024	0.047170
1193	-6.847287	0.008121	0.015723
1194	-3.926686	0.007272	0.018868
1195	-12.307662	0.005042	0.034591
1196	-9.851354	0.004852	0.056604
1197	-6.271375	0.007762	0.037736
1198	-5.365819	0.008835	0.018868
1199	-2.425156	0.009026	0.028302
1200	-6.294850	0.006651	0.044025
1201	-7.995324	0.005861	0.066038
1202	-8.088452	0.005438	0.025157
1203	-10.021300	0.005011	0.025157
1204	-11.387580	0.003897	0.047170
1205	-11.005797	0.003522	0.037736
1206	-11.523139	0.003556	0.044025
1207	-13.630073	0.003500	0.047170
1208	-16.511412	0.002103	0.084906
1209	-15.407241	0.001695	0.088050
1210	-15.340590	0.002537	0.040881
1211	-11.884223	0.003802	0.018868
1212	-12.030723	0.003479	0.022013
1213	-14.682075	0.002680	0.056604
1214	-13.716521	0.002634	0.040881
1215	6.660041	0.017274	0.062893
1216	10.647698	0.033758	0.066038
1217	7.910995	0.042865	0.053459
1218	9.067916	0.035426	0.040881
1219	9.521300	0.035760	0.040881
1220	10.015021	0.037540	0.050314
1221	8.008582	0.041513	0.050314
1222	4.011516	0.018035	0.056604
1223	-3.390363	0.007759	0.022013
1224	-4.983525	0.005837	0.040881
1225	-9.774484	0.005352	0.031447
1226	-10.926368	0.004197	0.056604
1227	-11.986762	0.004214	0.018868
1228	-13.073096	0.002925	0.088050
1229	-8.374162	0.005779	0.081761
1230	-2.706582	0.014826	0.040881
1231	4.498496	0.020101	0.050314
1232	6.396823	0.028724	0.047170
1233	6.068511	0.025543	0.059748
1234	7.765319	0.029961	0.075472
1235	7.684428	0.028256	0.084906
1236	4.299682	0.018771	0.047170
1237	-7.659589	0.008570	0.022013
1238	-8.676198	0.006394	0.031447
1239	-11.668067	0.003511	0.053459
1240	-17.074766	0.002108	0.081761
1241	-13.448791	0.002860	0.062893
1242	-14.103393	0.003354	0.066038
1243	-4.063958	0.010833	0.091195
1244	-6.296208	0.007893	0.141509
1245	-8.077718	0.004727	0.226415
1246	-5.994885	0.006409	0.163522
1247	-6.893769	0.005527	0.194969
1248	-7.932427	0.005919	0.257862
1249	-5.011609	0.007199	0.201258
1250	-5.188531	0.007268	0.289308
1251	-4.700082	0.007199	0.314465
1252	0.003013	0.011760	0.383648
1253	-1.336114	0.010932	0.364780
1254	-0.229237	0.012970	0.349057
1255	0.535823	0.013013	0.386792
1256	-2.264451	0.010000	0.342767
1257	-2.262212	0.010344	0.320755
1258	-5.569764	0.006699	0.273585
1259	-5.300191	0.007854	0.116352
1260	0.212546	0.015406	0.050314
1261	6.536002	0.022090	0.059748
1262	5.361739	0.025994	0.078616
1263	5.526393	0.024068	0.069182
1264	5.998473	0.022189	0.078616
1265	3.576289	0.018043	0.088050
1266	1.862769	0.017549	0.103774
1267	1.767776	0.014761	0.044025
1268	0.502433	0.013040	0.015723
1269	-0.713464	0.016239	0.022013
1270	1.179156	0.014301	0.040881
1271	3.144138	0.014453	0.022013
1272	1.187060	0.012722	0.022013
1273	-1.813115	0.014969	0.028302
1274	-0.866177	0.012859	0.015723
1275	1.777721	0.011662	0.022013
1276	-0.479108	0.010403	0.015723
1277	-3.749532	0.013290	0.028302
1278	-4.750340	0.010155	0.056604
1279	-8.877053	0.005817	0.059748
1280	-5.378800	0.008362	0.053459
1281	-15.104949	0.002240	0.072327
1282	-16.290373	0.002009	0.078616
1283	-16.693518	0.001848	0.059748
1284	-13.402221	0.002311	0.088050
1285	-10.521468	0.004429	0.040881
1286	-11.679549	0.003432	0.028302
1287	-17.467176	0.002083	0.072327
1288	-13.555243	0.002493	0.056604
1289	-17.537596	0.002068	0.091195
1290	-14.461844	0.002189	0.078616
1291	-1.543740	0.009087	0.066038
1292	6.342067	0.021102	0.053459
1293	5.408996	0.018846	0.066038
1294	4.558433	0.024625	0.050314
1295	3.696849	0.024206	0.053459
1296	1.170436	0.014915	0.062893
1297	4.155391	0.017993	0.037736
1298	3.235381	0.017020	0.047170
1299	2.511886	0.017533	0.047170
1300	0.506469	0.019911	0.044025
1301	0.350303	0.018026	0.053459
1302	1.154479	0.015884	0.066038
1303	0.230601	0.012180	0.050314
1304	-1.058560	0.011653	0.050314
1305	-1.889794	0.011012	0.050314
1306	0.732577	0.016689	0.034591
1307	0.924705	0.020434	0.078616
1308	1.647243	0.019118	0.072327
1309	3.431297	0.018687	0.050314
1310	4.300292	0.018907	0.025157
1311	4.157138	0.017042	0.031447
1312	0.833091	0.012118	0.028302
1313	-10.962562	0.004124	0.044025
1314	-9.824864	0.003869	0.025157
1315	-9.335954	0.004720	0.015723
1316	-12.557525	0.003575	0.047170
1317	-9.752149	0.004657	0.037736
1318	-9.622338	0.003489	0.066038
1319	-17.757627	0.002129	0.116352
1320	-15.542350	0.002468	0.056604
1321	-17.776602	0.002156	0.088050
1322	-13.002402	0.002488	0.078616
1323	-14.692389	0.002181	0.106918
1324	-11.139991	0.004829	0.050314
1325	-5.633458	0.006174	0.286164
1326	-12.913680	0.003535	0.128931
1327	-8.057557	0.005666	0.022013
1328	-15.257758	0.002186	0.100629
1329	-13.763564	0.003207	0.053459
1330	-12.113959	0.003087	0.066038
1331	-12.277305	0.002535	0.088050
1332	-9.811139	0.003730	0.062893
1333	-11.894820	0.003275	0.050314
1334	-14.549857	0.002530	0.088050
1335	-13.355315	0.002790	0.072327
1336	-15.056838	0.002335	0.091195
1337	-15.443496	0.002588	0.066038
1338	-13.945838	0.003321	0.044025
1339	-5.931718	0.007456	0.000000
1340	-6.916333	0.006518	0.012579
1341	-5.096021	0.008897	0.000000
1342	-7.054440	0.006894	0.000000
1343	-8.404691	0.004814	0.031447
1344	-16.265898	0.002122	0.084906
1345	-5.958974	0.005306	0.015723
1346	-7.619325	0.004747	0.018868
1347	-13.556190	0.002212	0.084906
1348	-12.560851	0.003194	0.040881
1349	-14.943191	0.002556	0.075472
1350	-17.274717	0.002648	0.056604
1351	-16.650145	0.002272	0.062893
1352	-16.964155	0.002276	0.062893
1353	-10.553550	0.004314	0.006289
1354	-13.349891	0.003644	0.044025
1355	-13.564811	0.002209	0.078616
1356	-16.887403	0.002607	0.069182
1357	-9.777566	0.004257	0.031447
1358	-9.389428	0.004532	0.025157
1359	-15.110511	0.002582	0.075472
1360	-12.950789	0.002433	0.069182
1361	-13.744422	0.003038	0.047170
1362	-10.914481	0.004333	0.000000
1363	-11.045043	0.003469	0.053459
1364	-14.552840	0.002232	0.040881
1365	-15.028647	0.001942	0.116352
1366	-16.177084	0.002185	0.110063
1367	-13.443572	0.003444	0.081761
1368	-6.030492	0.006880	0.000000
1369	-9.632543	0.004485	0.006289
1370	-7.559754	0.006583	0.000000
1371	-12.897590	0.004342	0.018868
1372	-4.701192	0.008155	0.000000
1373	-8.917916	0.005856	0.000000
1374	-6.627038	0.006258	0.000000
1375	-6.759213	0.006413	0.003145
1376	-17.571127	0.002003	0.091195
1377	-13.455947	0.002311	0.113208
1378	-13.981605	0.002546	0.059748
1379	-6.798276	0.005613	0.047170
1380	-7.161370	0.007129	0.000000
1381	-10.461135	0.004067	0.025157
1382	-13.307738	0.003413	0.034591
1383	-10.147246	0.005363	0.031447
1384	-6.809934	0.005091	0.012579
1385	-17.682631	0.001707	0.100629
1386	-15.313979	0.002081	0.059748
1387	-14.331260	0.002976	0.059748
1388	-8.655702	0.004250	0.012579
1389	-6.802243	0.006776	0.000000
1390	-13.731643	0.002958	0.050314
1391	-15.495605	0.002247	0.078616
1392	-10.910552	0.002965	0.044025
1393	-10.574340	0.003847	0.031447
1394	-14.159690	0.002531	0.072327
1395	-15.149665	0.002065	0.110063
1396	-13.205955	0.002625	0.056604
1397	-15.588675	0.002328	0.072327
1398	-11.254592	0.003114	0.047170
1399	-9.321355	0.004266	0.034591
1400	-7.871602	0.005074	0.028302
1401	-17.280996	0.002488	0.091195
1402	-18.576292	0.001600	0.138365
1403	-15.115226	0.002440	0.056604
1404	-11.786857	0.002911	0.059748
1405	-11.125426	0.002965	0.053459
1406	-13.813743	0.002450	0.088050
1407	-13.796973	0.003034	0.040881
1408	-11.127524	0.003621	0.018868
1409	-10.238769	0.005347	0.012579
1410	-14.435691	0.002410	0.069182
1411	-16.525671	0.002157	0.072327
1412	-16.048353	0.002568	0.062893
1413	-9.737924	0.004301	0.031447
1414	-12.778502	0.003202	0.062893
1415	-14.717673	0.002991	0.037736
1416	-9.713281	0.003457	0.022013
1417	-9.354875	0.003807	0.047170
1418	-17.121229	0.001703	0.084906
1419	-16.744574	0.001702	0.094340
1420	-12.581588	0.002941	0.059748
1421	-16.051504	0.002507	0.072327
1422	-15.091498	0.002394	0.069182
1423	-13.826423	0.002652	0.056604
1424	-11.521674	0.002755	0.075472
1425	-17.219160	0.002243	0.078616
1426	-5.899480	0.006618	0.025157
1427	-5.782086	0.006922	0.006289
1428	-5.494496	0.005335	0.040881
1429	0.137687	0.008046	0.069182
1430	-0.136971	0.011525	0.047170
1431	0.330245	0.019501	0.040881
1432	6.510703	0.019644	0.044025
1433	6.221366	0.020434	0.056604
1434	4.113765	0.032022	0.059748
1435	10.395673	0.027271	0.056604
1436	7.785285	0.029879	0.040881
1437	6.639949	0.031078	0.062893
1438	10.133233	0.025930	0.047170
1439	5.885833	0.032361	0.040881
1440	5.727576	0.025433	0.069182
1441	8.363427	0.023816	0.053459
1442	6.453189	0.021556	0.053459
1443	0.884658	0.022955	0.037736
1444	-0.391541	0.014715	0.031447
1445	-3.486256	0.008045	0.025157
1446	-2.793835	0.007763	0.047170
1447	-2.001500	0.008099	0.018868
1448	-0.747285	0.008681	0.031447
1449	-2.232011	0.008572	0.025157
1450	-3.921445	0.008685	0.040881
1451	-5.568463	0.011000	0.028302
1452	-1.481236	0.010789	0.018868
1453	-0.085057	0.011014	0.025157
1454	3.563010	0.020016	0.034591
1455	5.481517	0.031977	0.056604
1456	9.495475	0.028410	0.053459
1457	7.516673	0.033765	0.050314
1458	8.436563	0.032173	0.075472
1459	10.792701	0.030800	0.072327
1460	7.826182	0.039563	0.059748
1461	11.846467	0.034284	0.047170
1462	9.348765	0.048037	0.059748
1463	12.209767	0.039218	0.037736
1464	7.627814	0.038913	0.031447
1465	8.306346	0.030516	0.040881
1466	8.252959	0.030942	0.044025
1467	7.725589	0.036978	0.037736
1468	7.846805	0.024913	0.069182
1469	-1.353577	0.010465	0.059748
1470	-2.036736	0.012647	0.047170
1471	6.369674	0.027371	0.040881
1472	7.793311	0.031096	0.053459
1473	9.001225	0.037899	0.066038
1474	8.568528	0.036571	0.053459
1475	8.835401	0.040295	0.047170
1476	9.736016	0.040344	0.040881
1477	9.808114	0.040080	0.031447
1478	9.607228	0.041257	0.044025
1479	9.292483	0.042845	0.028302
1480	8.287688	0.036991	0.040881
1481	7.876441	0.032456	0.037736
1482	6.712756	0.027012	0.040881
1483	5.674605	0.021058	0.081761
1484	4.125945	0.021255	0.110063
1485	2.419700	0.016619	0.163522
1486	-0.102059	0.014178	0.283019
1487	3.384967	0.013941	0.367925
1488	2.130138	0.016328	0.383648
1489	3.310928	0.015330	0.358491
1490	1.220241	0.014605	0.402516
1491	-0.925221	0.012687	0.377358
1492	0.005557	0.010464	0.311321
1493	-9.391217	0.005088	0.273585
1494	-7.738366	0.005617	0.113208
1495	-8.598191	0.005531	0.047170
1496	-9.890462	0.004065	0.050314
1497	-14.080321	0.002745	0.097484
1498	-12.103438	0.003576	0.119497
1499	-5.335706	0.007267	0.069182
1500	-0.727101	0.008817	0.037736
1501	-0.439034	0.012682	0.025157
1502	0.411887	0.014147	0.028302
1503	1.453010	0.014120	0.025157
1504	1.954784	0.016485	0.034591
1505	1.788200	0.012849	0.044025
1506	1.903796	0.016510	0.022013
1507	2.039966	0.016506	0.050314
1508	2.827472	0.016216	0.025157
1509	0.858768	0.017579	0.022013
1510	1.489959	0.014211	0.037736
1511	-0.294808	0.012337	0.100629
1512	-1.288857	0.010487	0.150943
1513	-0.469083	0.012259	0.330189
1514	2.254989	0.016665	0.352201
1515	1.566272	0.015882	0.380503
1516	-0.528413	0.012056	0.364780
1517	-2.612786	0.009954	0.301887
1518	0.454337	0.011826	0.352201
1519	0.538203	0.011472	0.345912
1520	-4.054517	0.009256	0.229560
1521	10.985583	0.029209	0.050314
1522	7.273322	0.034330	0.047170
1523	7.290355	0.029168	0.037736
1524	6.956141	0.030971	0.031447
1525	7.670489	0.030007	0.053459
1526	7.504916	0.030572	0.044025
1527	1.347850	0.017076	0.037736
1528	-6.233377	0.007772	0.047170
1529	-9.385472	0.004564	0.050314
1530	-9.441930	0.005286	0.037736
1531	-9.156648	0.005058	0.044025
1532	-8.028825	0.005338	0.044025
1533	1.230762	0.021085	0.003145
1534	5.655135	0.022911	0.034591
1535	6.593921	0.028082	0.025157
1536	5.229827	0.023578	0.028302
1537	3.798496	0.020231	0.097484
1538	1.969020	0.017885	0.097484
1539	-0.635480	0.012453	0.220126
1540	-0.092416	0.015185	0.311321
1541	2.612323	0.016760	0.323899
1542	0.886901	0.013126	0.245283
1543	-2.432667	0.015672	0.066038
1544	2.237006	0.014238	0.034591
1545	7.174232	0.019777	0.040881
1546	6.108294	0.039565	0.044025
1547	10.614402	0.043264	0.040881
1548	12.882508	0.041426	0.037736
1549	10.321198	0.041588	0.034591
1550	1.954162	0.020474	0.037736
1551	-2.629128	0.009250	0.012579
1552	-8.818048	0.004161	0.066038
1553	-11.359382	0.003581	0.072327
1554	-10.848823	0.003331	0.066038
1555	-11.005591	0.003541	0.056604
1556	3.884433	0.024995	0.037736
1557	10.212865	0.061574	0.003145
1558	9.255509	0.034571	0.050314
1559	8.972892	0.040848	0.053459
1560	10.606727	0.044538	0.044025
1561	10.910207	0.048924	0.059748
1562	12.206405	0.048919	0.059748
1563	11.936307	0.050542	0.050314
1564	12.074021	0.057278	0.053459
1565	11.938872	0.054052	0.075472
1566	13.007453	0.055846	0.062893
1567	13.282920	0.059709	0.053459
1568	12.761928	0.054211	0.050314
1569	11.396773	0.045882	0.069182
1570	10.233945	0.039889	0.078616
1571	8.237906	0.032834	0.053459
1572	1.108127	0.017520	0.015723
1573	-0.328889	0.012640	0.034591
1574	-0.921361	0.012331	0.018868
1575	-1.575280	0.012087	0.028302
1576	-2.113290	0.010147	0.031447
1577	-3.800812	0.007808	0.053459
1578	-3.674466	0.007565	0.059748
1579	-5.392407	0.006113	0.066038
1580	-6.910535	0.006602	0.040881
1581	-2.849145	0.009856	0.018868
1582	1.166885	0.014716	0.028302
1583	-1.718255	0.011212	0.028302
1584	-6.278909	0.007157	0.018868
1585	-8.837033	0.004267	0.040881
1586	-13.483665	0.003195	0.069182
1587	-11.902892	0.003675	0.069182
1588	-11.081107	0.004469	0.037736
1589	-10.918426	0.003749	0.037736
1590	-8.984990	0.004633	0.047170
1591	-7.920438	0.004824	0.040881
1592	-9.434789	0.004371	0.053459
1593	-10.648574	0.003561	0.059748
1594	-9.136922	0.004898	0.025157
1595	-13.203765	0.002953	0.066038
1596	-13.563308	0.002883	0.078616
1597	-15.802924	0.002335	0.066038
1598	-15.663024	0.002374	0.066038
1599	-11.073295	0.003047	0.084906
1600	-16.355299	0.002595	0.062893
1601	-14.906081	0.002126	0.103774
1602	-13.954566	0.002620	0.066038
1603	-13.304572	0.002510	0.075472
1604	-12.319694	0.002718	0.081761
1605	-14.595527	0.002345	0.110063
1606	-14.712844	0.002167	0.106918
1607	-16.586637	0.002223	0.150943
1608	-14.293944	0.002655	0.091195
1609	-12.957007	0.002898	0.091195
1610	-13.573730	0.003053	0.056604
1611	-11.480613	0.003122	0.081761
1612	-13.409842	0.003182	0.078616
1613	-12.269736	0.002892	0.084906
1614	-13.053855	0.002805	0.110063
1615	-13.226287	0.003232	0.091195
1616	-12.951674	0.003513	0.069182
1617	-14.748458	0.003162	0.100629
1618	-12.915893	0.002952	0.091195
1619	-11.995231	0.003185	0.066038
1620	-15.107451	0.002406	0.100629
1621	-11.964355	0.003037	0.091195
1622	-9.757611	0.005318	0.031447
1623	-8.184831	0.004399	0.037736
1624	-11.535079	0.004048	0.056604
1625	-11.956359	0.002893	0.056604
1626	-17.790022	0.001694	0.116352
1627	-15.040954	0.002183	0.088050
1628	-9.859689	0.004481	0.034591
1629	-6.151998	0.007911	0.015723
1630	12.136088	0.036099	0.018868
1631	-0.593713	0.014379	0.330189
1632	0.546920	0.015442	0.327044
1633	1.915362	0.019745	0.383648
1634	4.945193	0.024240	0.389937
1635	5.078906	0.020726	0.301887
1636	-2.245431	0.013498	0.128931
1637	8.713595	0.031188	0.050314
1638	7.461150	0.034265	0.025157
1639	7.897571	0.030915	0.025157
1640	6.384200	0.028735	0.018868
1641	-4.105542	0.010295	0.040881
1642	-9.684087	0.006587	0.044025
1643	-10.869636	0.003903	0.031447
1644	-4.957452	0.014659	0.009434
1645	15.559508	0.070535	0.025157
1646	10.201329	0.047344	0.028302
1647	13.966662	0.054078	0.031447
1648	10.934922	0.053763	0.037736
1649	12.305007	0.051428	0.031447
1650	11.357980	0.048233	0.031447
1651	9.974238	0.039958	0.053459
1652	9.029424	0.033885	0.018868
1653	1.796149	0.018743	0.028302
1654	3.010040	0.015662	0.044025
1655	1.578342	0.018459	0.022013
1656	2.345466	0.018468	0.022013
1657	3.466480	0.015989	0.022013
1658	0.151138	0.016605	0.022013
1659	0.710609	0.013203	0.031447
1660	0.166442	0.010890	0.034591
1661	-0.565686	0.015137	0.040881
1662	3.766246	0.019380	0.044025
1663	7.760154	0.029299	0.053459
1664	8.959788	0.040746	0.040881
1665	8.619170	0.037895	0.047170
1666	8.927213	0.036631	0.044025
1667	9.188479	0.036603	0.050314
1668	10.042912	0.039978	0.056604
1669	10.615956	0.041908	0.069182
1670	11.700179	0.044533	0.094340
1671	11.261249	0.040419	0.078616
1672	5.021705	0.019333	0.169811
1673	8.316333	0.031344	0.135220
1674	3.749892	0.020338	0.358491
1675	2.014995	0.018891	0.327044
1676	2.810874	0.018157	0.289308
1677	-0.848988	0.011772	0.317610
1678	-2.205220	0.009774	0.333333
1679	0.483421	0.012284	0.349057
1680	0.663299	0.013637	0.358491
1681	-3.650769	0.008689	0.251572
1682	-3.208527	0.011540	0.050314
1683	8.651696	0.028114	0.059748
1684	10.198697	0.039639	0.040881
1685	8.530089	0.035167	0.053459
1686	7.645911	0.031562	0.069182
1687	7.875552	0.033113	0.062893
1688	7.085364	0.032844	0.066038
1689	7.190387	0.028842	0.075472
1690	7.677806	0.031721	0.072327
1691	7.953315	0.029789	0.059748
1692	6.575625	0.027280	0.028302
1693	5.708724	0.028054	0.022013
1694	7.401996	0.032430	0.028302
1695	10.897885	0.042496	0.034591
1696	12.837901	0.048860	0.034591
1697	9.008296	0.042281	0.034591
1698	8.958529	0.040980	0.031447
1699	10.557540	0.040010	0.037736
1700	11.262021	0.041430	0.044025
1701	10.390174	0.047761	0.040881
1702	10.915410	0.046915	0.037736
1703	11.130189	0.042728	0.031447
1704	11.148547	0.043062	0.031447
1705	11.030314	0.055550	0.028302
1706	4.752231	0.018679	0.066038
1707	-5.498597	0.007938	0.056604
1708	-0.458894	0.012339	0.075472
1709	4.102721	0.022550	0.040881
1710	5.313876	0.024512	0.034591
1711	5.158248	0.020396	0.022013
1712	4.710460	0.020528	0.028302
1713	4.746261	0.025378	0.028302
1714	6.400561	0.030066	0.028302
1715	8.747476	0.032525	0.028302
1716	7.357635	0.031928	0.031447
1717	5.600116	0.028297	0.047170
1718	5.717463	0.024542	0.047170
1719	3.597541	0.020094	0.047170
1720	1.507209	0.015657	0.025157
1721	0.361449	0.012291	0.116352
1722	-0.676499	0.012815	0.078616
1723	1.269202	0.014835	0.072327
1724	3.035712	0.018449	0.034591
1725	5.116942	0.023808	0.037736
1726	7.806251	0.029668	0.040881
1727	7.827891	0.033368	0.040881
1728	8.922982	0.030503	0.040881
1729	3.957774	0.024044	0.028302
1730	-0.353494	0.013991	0.015723
1731	-2.025746	0.011508	0.044025
1732	1.467830	0.012244	0.025157
1733	1.983256	0.016999	0.069182
1734	5.683784	0.023180	0.025157
1735	5.002021	0.023793	0.034591
1736	6.946662	0.026804	0.044025
1737	5.489379	0.024946	0.025157
1738	6.078750	0.028305	0.040881
1739	7.196406	0.028252	0.022013
1740	6.616138	0.033361	0.028302
1741	5.636863	0.017796	0.028302
1742	-9.841794	0.005223	0.075472
1743	-11.075522	0.003809	0.201258
1744	-10.709708	0.003412	0.172956
1745	-13.775786	0.002808	0.257862
1746	-10.975310	0.003750	0.176101
1747	-3.717854	0.008835	0.062893
1748	8.575694	0.041437	0.028302
1749	11.609069	0.042393	0.037736
1750	7.942943	0.040815	0.034591
1751	8.806405	0.032589	0.040881
1752	7.746547	0.031602	0.062893
1753	6.154780	0.028714	0.040881
1754	7.930034	0.026051	0.053459
1755	5.194613	0.027840	0.047170
1756	7.265113	0.025168	0.034591
1757	4.742381	0.028239	0.053459
1758	6.945865	0.021667	0.034591
1759	4.756652	0.028679	0.028302
1760	6.831409	0.022235	0.022013
1761	4.198470	0.027477	0.018868
1762	6.552489	0.021996	0.022013
1763	1.396594	0.018664	0.018868
1764	1.351928	0.011966	0.018868
1765	-0.613969	0.012871	0.018868
1766	-2.220532	0.013156	0.022013
1767	1.110053	0.010769	0.031447
1768	0.616206	0.011250	0.012579
1769	-5.001454	0.011848	0.025157
1770	-2.435849	0.009349	0.031447
1771	-1.878194	0.008003	0.015723
1772	-2.460103	0.009922	0.012579
1773	-5.001779	0.010248	0.015723
1774	-3.475922	0.008854	0.015723
1775	-2.360879	0.008388	0.022013
1776	-3.027329	0.008857	0.012579
1777	-5.380181	0.008081	0.015723
1778	-7.789422	0.007164	0.037736
1779	-2.170972	0.008383	0.034591
1780	-1.927125	0.006886	0.028302
1781	-0.906163	0.008480	0.028302
1782	-2.275246	0.008384	0.050314
1783	-5.176705	0.008506	0.028302
1784	-10.324485	0.004584	0.034591
1785	-8.395291	0.003341	0.044025
1786	-8.316781	0.004744	0.015723
1787	-9.814321	0.003196	0.047170
1788	-11.700683	0.004082	0.006289
1789	-10.957740	0.003799	0.025157
1790	-10.699088	0.003291	0.056604
1791	-14.626151	0.002824	0.037736
1792	-12.134162	0.003009	0.053459
1793	-11.046874	0.003222	0.097484
1794	-5.337804	0.007208	0.066038
1795	5.980636	0.023440	0.028302
1796	8.370557	0.031036	0.031447
1797	7.059360	0.033735	0.037736
1798	7.101039	0.031836	0.028302
1799	8.934752	0.028962	0.040881
1800	3.313430	0.018762	0.034591
1801	-1.846589	0.011673	0.022013
1802	2.707855	0.014434	0.047170
1803	2.878806	0.022474	0.031447
1804	4.137790	0.018186	0.037736
1805	1.981052	0.018122	0.059748
1806	4.164458	0.022434	0.025157
1807	7.375941	0.028295	0.040881
1808	7.235679	0.031505	0.050314
1809	7.317687	0.028878	0.056604
1810	7.008639	0.029761	0.050314
1811	6.722388	0.031834	0.031447
1812	7.654796	0.028824	0.056604
1813	5.361030	0.027769	0.050314
1814	3.542442	0.016872	0.059748
1815	-2.055333	0.013776	0.094340
1816	-1.065740	0.011189	0.191824
1817	-2.282284	0.010275	0.317610
1818	-7.599210	0.004908	0.223270
1819	-12.185424	0.002800	0.088050
1820	-8.289479	0.004440	0.031447
1821	-2.698109	0.011336	0.056604
1822	1.698615	0.011756	0.034591
1823	1.237628	0.014804	0.012579
1824	0.028274	0.016591	0.031447
1825	5.443812	0.017640	0.050314
1826	5.943503	0.028945	0.047170
1827	5.918933	0.030907	0.037736
1828	8.581208	0.027770	0.031447
1829	7.528174	0.025182	0.047170
1830	4.841941	0.029419	0.040881
1831	0.602603	0.014678	0.028302
1832	-3.699010	0.006058	0.062893
1833	-5.263589	0.007333	0.031447
1834	-6.413873	0.006153	0.031447
1835	-10.417274	0.004256	0.066038
1836	-13.589263	0.004089	0.050314
1837	-0.210927	0.011344	0.066038
1838	4.050353	0.018862	0.025157
1839	4.433536	0.018173	0.025157
1840	2.300281	0.020673	0.034591
1841	5.363627	0.030419	0.044025
1842	9.325831	0.038408	0.040881
1843	9.934680	0.034602	0.037736
1844	10.836101	0.037405	0.040881
1845	8.714734	0.045826	0.047170
1846	7.974193	0.043525	0.050314
1847	9.069352	0.037092	0.034591
1848	8.724357	0.051711	0.012579
1849	2.051273	0.038122	0.015723
1850	1.756759	0.021913	0.015723
1851	6.316203	0.036614	0.012579
1852	14.960336	0.110206	0.015723
1853	16.740997	0.078887	0.009434
1854	15.051717	0.057971	0.028302
1855	11.650973	0.049104	0.025157
1856	10.684756	0.040263	0.059748
1857	10.197949	0.047724	0.050314
1858	11.117723	0.045128	0.053459
1859	9.306497	0.038571	0.040881
1860	-0.867528	0.012937	0.050314
1861	-4.474164	0.008388	0.040881
1862	-2.768143	0.010398	0.028302
1863	2.335315	0.017832	0.018868
1864	7.171603	0.034624	0.022013
1865	10.676059	0.045540	0.040881
1866	11.524896	0.051007	0.044025
1867	12.238528	0.054813	0.037736
1868	12.461219	0.052163	0.059748
1869	12.240212	0.054104	0.037736
1870	11.238849	0.047397	0.037736
1871	10.516397	0.039560	0.040881
1872	7.914966	0.030843	0.040881
1873	5.334147	0.022276	0.047170
1874	3.213508	0.017917	0.047170
1875	2.486541	0.015951	0.053459
1876	2.683368	0.017627	0.040881
1877	0.541125	0.012921	0.037736
1878	-1.845170	0.009999	0.047170
1879	-1.959519	0.009309	0.037736
1880	-0.458428	0.008925	0.040881
1881	-5.334580	0.008272	0.025157
1882	-2.973008	0.009020	0.034591
1883	-6.491742	0.006345	0.044025
1884	-4.612889	0.007596	0.031447
1885	-4.426286	0.006585	0.044025
1886	-12.183219	0.003794	0.069182
1887	-8.638799	0.004115	0.069182
1888	-10.471450	0.003867	0.106918
1889	-10.361175	0.004064	0.056604
1890	-12.872626	0.003106	0.056604
1891	-14.481994	0.002968	0.084906
1892	-14.194297	0.002836	0.110063
1893	-11.554511	0.003243	0.072327
1894	-15.501449	0.002704	0.094340
1895	-12.686843	0.003291	0.094340
1896	-12.564544	0.003646	0.037736
1897	-9.335908	0.004151	0.018868
1898	-11.169860	0.003929	0.047170
1899	-12.297652	0.003060	0.081761
1900	-13.025367	0.003447	0.037736
1901	-16.024885	0.002072	0.100629
1902	-15.463737	0.002643	0.053459
1903	-15.527564	0.002090	0.100629
1904	-14.603736	0.002113	0.084906
1905	-14.109565	0.002693	0.066038
1906	-13.800475	0.002231	0.081761
1907	-15.009933	0.002605	0.047170
1908	-13.788566	0.002580	0.097484
1909	-8.959794	0.004021	0.084906
1910	-8.790929	0.005172	0.034591
1911	-10.635505	0.003737	0.025157
1912	-11.941131	0.004271	0.025157
1913	-10.924796	0.004468	0.025157
1914	-6.602235	0.006573	0.006289
1915	-10.098327	0.004582	0.028302
1916	-8.538041	0.003908	0.053459
1917	-11.991569	0.003519	0.056604
1918	-15.858054	0.002528	0.075472
1919	-10.249061	0.004773	0.091195
1920	-10.503608	0.003420	0.072327
1921	-7.201028	0.005265	0.028302
1922	-1.427697	0.011776	0.047170
1923	3.021053	0.017099	0.040881
1924	6.920520	0.028073	0.040881
1925	8.640262	0.037485	0.037736
1926	8.997308	0.033090	0.034591
1927	8.723260	0.037773	0.047170
1928	8.786773	0.039317	0.044025
1929	9.867633	0.039705	0.047170
1930	10.645526	0.041836	0.040881
1931	9.500775	0.045473	0.044025
1932	10.160951	0.035266	0.088050
1933	6.058356	0.023136	0.081761
1934	-0.464368	0.015395	0.081761
1935	1.593303	0.011322	0.194969
1936	-2.659512	0.012189	0.097484
1937	-0.545491	0.010753	0.047170
1938	0.330909	0.012558	0.034591
1939	0.330806	0.014596	0.050314
1940	5.899810	0.022348	0.037736
1941	6.486793	0.028289	0.044025
1942	6.478358	0.026781	0.040881
1943	5.538733	0.027569	0.047170
1944	6.870543	0.027318	0.044025
1945	6.098544	0.023596	0.040881
1946	0.399623	0.013556	0.050314
1947	-8.175294	0.006979	0.018868
1948	-11.624625	0.003399	0.044025
1949	-9.770154	0.003198	0.066038
1950	-9.578374	0.004051	0.040881
1951	-13.162910	0.003123	0.040881
1952	-11.240737	0.002868	0.081761
1953	-9.444924	0.004688	0.050314
1954	-9.206475	0.006162	0.069182
1955	9.533874	0.035710	0.047170
1956	10.024795	0.045965	0.037736
1957	10.427165	0.038977	0.044025
1958	11.064282	0.044350	0.037736
1959	9.981198	0.047713	0.040881
1960	11.769511	0.044794	0.044025
1961	13.251399	0.048391	0.050314
1962	12.257281	0.060755	0.053459
1963	13.226333	0.060773	0.050314
1964	14.390407	0.058843	0.050314
1965	13.866101	0.059312	0.056604
1966	12.504457	0.060548	0.040881
1967	11.917010	0.055417	0.044025
1968	12.687879	0.049048	0.040881
1969	12.940724	0.047962	0.047170
1970	11.502748	0.044208	0.056604
1971	10.589166	0.048454	0.034591
1972	10.882783	0.052801	0.031447
1973	11.742291	0.054280	0.044025
1974	13.021209	0.059745	0.034591
1975	12.330319	0.052230	0.047170
1976	10.793841	0.039752	0.066038
1977	9.404866	0.036941	0.053459
1978	8.230086	0.034166	0.059748
1979	7.362899	0.033397	0.053459
1980	7.694850	0.033343	0.037736
1981	7.226142	0.031144	0.053459
1982	7.793475	0.032074	0.069182
1983	7.818809	0.033769	0.034591
1984	7.509051	0.029812	0.062893
1985	7.159793	0.029239	0.053459
1986	7.387698	0.027519	0.040881
1987	7.046046	0.026160	0.034591
1988	6.654895	0.030750	0.047170
1989	6.163203	0.029995	0.050314
1990	6.942237	0.025121	0.056604
1991	3.418353	0.019802	0.025157
1992	-4.507565	0.008986	0.025157
1993	-3.837453	0.007837	0.025157
1994	-7.136350	0.007706	0.047170
1995	-4.001985	0.005660	0.059748
1996	-11.012359	0.004063	0.056604
1997	-7.889405	0.005025	0.075472
1998	-6.959702	0.005733	0.128931
1999	-9.974341	0.004012	0.100629
2000	-10.126243	0.004037	0.050314
2001	-8.788354	0.004849	0.100629
2002	-2.128869	0.008784	0.031447
2003	0.918849	0.016305	0.028302
2004	6.525699	0.023482	0.025157
2005	8.553908	0.038501	0.031447
2006	10.207702	0.040401	0.037736
2007	12.201444	0.045965	0.031447
2008	11.036164	0.052767	0.031447
2009	10.456498	0.043009	0.037736
2010	9.061336	0.035525	0.025157
2011	4.866969	0.025293	0.022013
2012	0.190597	0.013392	0.056604
2013	-5.857701	0.006417	0.025157
2014	-7.611913	0.005473	0.047170
2015	-4.728597	0.006676	0.059748
2016	-11.425651	0.003999	0.069182
2017	-2.178628	0.009849	0.059748
2018	4.934001	0.024677	0.028302
2019	8.795190	0.039357	0.018868
2020	10.857423	0.044757	0.025157
2021	10.109015	0.040762	0.028302
2022	9.786326	0.044860	0.022013
2023	9.348910	0.040796	0.022013
2024	8.681659	0.038058	0.034591
2025	8.025817	0.031225	0.034591
2026	6.746520	0.028117	0.072327
2027	1.349376	0.016793	0.125786
2028	-0.158368	0.010888	0.191824
2029	-0.053342	0.013436	0.254717
2030	-1.032231	0.008995	0.257862
2031	-4.517468	0.007762	0.094340
2032	-6.014504	0.009627	0.022013
2033	-2.780251	0.010336	0.006289
2034	0.009414	0.015252	0.012579
2035	2.705486	0.016357	0.009434
2036	1.864184	0.019348	0.015723
2037	7.901137	0.024348	0.044025
2038	11.664561	0.055383	0.044025
2039	10.127942	0.043415	0.059748
2040	12.851151	0.038828	0.062893
2041	10.033622	0.036862	0.062893
2042	3.878043	0.033013	0.069182
2043	5.495006	0.024107	0.075472
2044	5.627948	0.017685	0.069182
2045	5.421306	0.017029	0.047170
2046	1.453326	0.012645	0.050314
2047	-1.550195	0.013126	0.022013
2048	-1.135842	0.013841	0.040881
2049	-0.398511	0.012353	0.037736
2050	0.474387	0.011350	0.037736
2051	3.372680	0.011497	0.050314
2052	0.113128	0.011618	0.044025
2053	-3.882878	0.009001	0.047170
2054	-4.173894	0.008988	0.047170
2055	-4.952279	0.008622	0.047170
2056	-3.429887	0.009182	0.059748
2057	-2.242860	0.011084	0.050314
2058	-4.226026	0.009131	0.056604
2059	-3.763425	0.009848	0.072327
2060	-3.590615	0.009731	0.044025
2061	-1.087235	0.010222	0.044025
2062	0.087363	0.010325	0.037736
2063	1.468722	0.012356	0.040881
2064	0.614505	0.009533	0.044025
2065	-1.950101	0.007269	0.062893
2066	-2.685788	0.007029	0.047170
2067	-6.267873	0.004810	0.081761
2068	-5.657537	0.006070	0.053459
2069	-9.712613	0.003605	0.072327
2070	-12.045943	0.002685	0.069182
2071	-14.612189	0.003381	0.075472
2072	-11.304221	0.003881	0.075472
2073	-12.290221	0.002789	0.097484
2074	-11.361571	0.003370	0.056604
2075	-8.919488	0.004287	0.044025
2076	-7.419412	0.005227	0.040881
2077	-11.503707	0.003346	0.088050
2078	-11.008353	0.004259	0.025157
2079	-10.530746	0.004344	0.040881
2080	-9.540021	0.004126	0.044025
2081	-15.473083	0.003082	0.072327
2082	-9.051591	0.003397	0.091195
2083	-9.716825	0.003643	0.056604
2084	-14.224914	0.002978	0.069182
2085	-9.367814	0.003599	0.056604
2086	-9.940087	0.004822	0.018868
2087	-13.760077	0.002543	0.050314
2088	-11.216613	0.003157	0.072327
2089	-13.536788	0.003044	0.091195
2090	-12.251784	0.003163	0.056604
2091	-11.825629	0.003008	0.075472
2092	-14.123488	0.002305	0.066038
2093	-10.268569	0.003609	0.056604
2094	-13.361373	0.002792	0.066038
2095	-14.212066	0.002775	0.047170
2096	-10.858214	0.004565	0.018868
2097	-10.565597	0.005056	0.025157
2098	-7.562852	0.007239	0.018868
2099	-3.930047	0.009863	0.000000
2100	-3.260735	0.011317	0.000000
2101	-1.768590	0.012084	0.000000
2102	-2.584584	0.010962	0.000000
2103	-5.342679	0.007704	0.006289
2104	-8.698297	0.005020	0.006289
2105	-14.544005	0.003255	0.062893
2106	-12.813277	0.003258	0.028302
2107	-11.290137	0.003069	0.072327
2108	-13.572082	0.002614	0.097484
2109	-10.815436	0.004463	0.050314
2110	-0.918633	0.013387	0.000000
2111	1.203872	0.018303	0.000000
2112	1.498019	0.018188	0.000000
2113	-2.282830	0.012982	0.000000
2114	-2.917550	0.010628	0.000000
2115	-8.027276	0.005167	0.025157
2116	-9.814427	0.004085	0.025157
2117	-11.318419	0.004022	0.015723
2118	-12.413634	0.003250	0.081761
2119	-9.772428	0.003662	0.053459
2120	-9.387643	0.003512	0.044025
2121	-8.370465	0.005425	0.044025
2122	-9.760758	0.005278	0.037736
2123	-5.610120	0.006638	0.037736
2124	-5.371652	0.006464	0.031447
2125	-3.533334	0.008139	0.031447
2126	-3.356080	0.008932	0.025157
2127	-4.806119	0.007994	0.034591
2128	-5.700448	0.007502	0.025157
2129	-7.555669	0.006656	0.050314
2130	-9.107945	0.005854	0.040881
2131	-7.548940	0.005344	0.031447
2132	-10.016868	0.003949	0.047170
2133	-7.904656	0.005285	0.025157
2134	-9.469346	0.004831	0.028302
2135	-10.107879	0.004409	0.056604
2136	-14.915420	0.002725	0.069182
2137	-12.814490	0.003374	0.075472
2138	-12.167892	0.003428	0.062893
2139	-12.785560	0.003844	0.056604
2140	-13.324821	0.002748	0.088050
2141	-9.139291	0.004071	0.053459
2142	-12.206359	0.003175	0.078616
2143	-12.837623	0.003352	0.056604
2144	-12.942870	0.003131	0.069182
2145	-11.949149	0.003060	0.066038
2146	-16.387846	0.002352	0.084906
2147	-10.710814	0.003746	0.072327
2148	-12.187163	0.002770	0.078616
2149	-15.806251	0.002516	0.050314
2150	-12.771285	0.003098	0.056604
2151	-9.006719	0.004031	0.022013
2152	-10.041862	0.004123	0.031447
2153	-14.714713	0.002405	0.084906
2154	-13.000518	0.002821	0.069182
2155	-14.529967	0.002377	0.094340
2156	-14.341422	0.003084	0.050314
2157	-11.889258	0.003055	0.066038
2158	-16.592405	0.002211	0.116352
2159	-12.801261	0.002515	0.078616
2160	-16.965353	0.001981	0.091195
2161	-14.525710	0.002834	0.122642
2162	-10.342269	0.003109	0.062893
2163	-10.460425	0.003684	0.062893
2164	-12.574729	0.003333	0.044025
2165	-8.637841	0.003900	0.050314
2166	-14.646979	0.002684	0.056604
2167	-13.748458	0.002901	0.066038
2168	-7.881337	0.008762	0.100629
2169	1.131351	0.022357	0.034591
2170	6.253974	0.028727	0.000000
2171	4.524264	0.025723	0.000000
2172	6.819381	0.032166	0.000000
2173	-3.094529	0.012366	0.015723
2174	8.088868	0.036980	0.000000
2175	-3.943101	0.013301	0.018868
2176	4.560893	0.024300	0.000000
2177	-1.802331	0.011961	0.018868
2178	-3.309754	0.008896	0.015723
2179	-1.433118	0.011093	0.000000
2180	-5.772359	0.007844	0.015723
2181	2.154895	0.018465	0.000000
2182	-5.996305	0.007590	0.034591
2183	-2.962167	0.009738	0.000000
2184	-3.548211	0.009947	0.000000
2185	-15.350066	0.002964	0.050314
2186	-9.497190	0.004824	0.009434
2187	-13.307075	0.003386	0.059748
2188	-6.735681	0.006440	0.006289
2189	-15.226356	0.002378	0.066038
2190	-15.195472	0.001957	0.100629
2191	-16.089636	0.002293	0.081761
2192	-16.099348	0.002503	0.069182
2193	-9.522416	0.004526	0.000000
2194	-11.608542	0.003063	0.037736
2195	-16.289213	0.002261	0.078616
2196	-11.873107	0.003372	0.044025
2197	-12.084411	0.003270	0.028302
2198	-14.334991	0.002611	0.053459
2199	-12.120399	0.003735	0.034591
2200	-10.396148	0.004505	0.012579
2201	-10.874190	0.003696	0.034591
2202	-12.488273	0.003008	0.103774
2203	-9.127114	0.004110	0.037736
2204	-11.497603	0.003174	0.069182
2205	-12.307265	0.003058	0.081761
2206	-12.704444	0.002732	0.078616
2207	-13.881309	0.002560	0.050314
2208	-16.088736	0.002141	0.094340
2209	-10.384467	0.003433	0.040881
2210	-12.828185	0.003225	0.050314
2211	-14.929198	0.002020	0.103774
2212	-12.248527	0.003328	0.050314
2213	-13.297797	0.002560	0.075472
2214	-16.209341	0.002321	0.094340
2215	-13.584403	0.002494	0.047170
2216	-12.140403	0.003512	0.037736
2217	-17.843115	0.002303	0.103774
2218	-14.448264	0.002136	0.103774
2219	-10.612975	0.003392	0.034591
2220	-9.913190	0.004220	0.037736
2221	-13.046134	0.004069	0.018868
2222	-13.220801	0.003145	0.037736
2223	-14.170562	0.002265	0.066038
2224	-14.507659	0.002397	0.097484
2225	-14.264510	0.002379	0.075472
2226	-11.639388	0.003066	0.053459
2227	-14.893218	0.003112	0.044025
2228	-15.637015	0.002259	0.059748
2229	-15.376708	0.002237	0.078616
2230	-14.461020	0.002406	0.094340
2231	-3.325528	0.009040	0.015723
2232	-6.998277	0.009545	0.009434
2233	1.405242	0.016661	0.000000
2234	-7.257810	0.007509	0.009434
2235	-3.376340	0.009768	0.000000
2236	-12.489806	0.003630	0.062893
2237	-13.226836	0.003042	0.047170
2238	-15.760451	0.002599	0.072327
2239	-6.482610	0.006355	0.006289
2240	-8.087102	0.004664	0.009434
2241	-7.462037	0.005759	0.028302
2242	-2.573106	0.011674	0.000000
2243	-8.422772	0.007234	0.000000
2244	-9.141736	0.003969	0.056604
2245	-15.086059	0.002190	0.072327
2246	-20.296087	0.001889	0.125786
2247	-17.454519	0.002201	0.075472
2248	-12.908805	0.002881	0.062893
2249	-11.036292	0.004060	0.015723
2250	-13.964408	0.003157	0.078616
2251	-18.232954	0.001892	0.097484
2252	-10.468009	0.005055	0.006289
2253	-10.727355	0.003214	0.031447
2254	-14.563682	0.002676	0.059748
2255	-7.830159	0.003996	0.028302
2256	-13.687423	0.002560	0.062893
2257	-15.749984	0.001996	0.084906
2258	-20.372564	0.001335	0.125786
2259	-13.300590	0.002710	0.040881
2260	-17.004057	0.002566	0.084906
2261	-15.969527	0.002204	0.075472
2262	-13.540961	0.002232	0.059748
2263	-15.062201	0.002693	0.069182
2264	-17.879553	0.002213	0.084906
2265	-17.574530	0.001742	0.088050
2266	-13.562171	0.002277	0.081761
2267	-14.063964	0.002515	0.078616
2268	-17.048300	0.002120	0.100629
2269	-15.115447	0.002408	0.037736
2270	-14.716743	0.002206	0.075472
2271	-15.086287	0.002022	0.078616
2272	-16.011831	0.002136	0.066038
2273	-13.102080	0.003304	0.037736
2274	-11.187812	0.003457	0.012579
2275	-16.399054	0.002017	0.084906
2276	-16.039808	0.002138	0.050314
2277	-12.479323	0.002899	0.037736
2278	-18.404051	0.001573	0.091195
2279	-15.159919	0.001687	0.097484
2280	-19.261206	0.001639	0.078616
2281	-16.435568	0.001797	0.072327
2282	-11.345862	0.003299	0.044025
2283	-14.735686	0.002538	0.062893
2284	-14.006309	0.002584	0.050314
2285	-16.888975	0.002106	0.078616
2286	-16.338865	0.002641	0.047170
2287	-11.072883	0.003012	0.059748
2288	-15.978469	0.002203	0.072327
2289	-15.853240	0.002472	0.072327
2290	-12.727515	0.003293	0.031447
2291	-14.336265	0.002901	0.069182
2292	-15.048278	0.002413	0.066038
2293	-14.369460	0.002474	0.075472
2294	-10.726661	0.002844	0.066038
2295	-14.056098	0.002969	0.056604
2296	-7.320767	0.005440	0.018868
2297	-13.685767	0.003006	0.056604
2298	-10.908652	0.002892	0.059748
2299	-11.918090	0.003814	0.050314
2300	-12.546126	0.002256	0.081761
2301	-13.729857	0.002495	0.072327
2302	-13.474723	0.002761	0.031447
2303	-12.568465	0.002498	0.125786
2304	-16.040022	0.002043	0.072327
2305	-15.984084	0.002281	0.072327
2306	-16.223082	0.002475	0.050314
2307	-14.565490	0.002715	0.062893
2308	-16.133360	0.002343	0.088050
2309	-18.600180	0.001685	0.106918
2310	-14.826751	0.002293	0.084906
2311	-15.618155	0.002126	0.106918
2312	-12.529128	0.002748	0.075472
2313	-13.247306	0.002302	0.056604
2314	-16.282179	0.001800	0.097484
2315	-12.276893	0.003197	0.072327
2316	-12.799521	0.002888	0.081761
2317	-15.162169	0.002486	0.069182
2318	-15.917197	0.002077	0.091195
2319	-15.207801	0.002549	0.081761
2320	-16.887098	0.001796	0.084906
2321	-14.533675	0.002300	0.075472
2322	-14.955199	0.002223	0.094340
2323	-14.463958	0.002722	0.072327
2324	-14.565360	0.002937	0.059748
2325	-13.356559	0.002944	0.069182
2326	-15.733687	0.002203	0.081761
2327	-11.987006	0.003407	0.062893
2328	-13.538756	0.002728	0.072327
2329	-14.987937	0.002032	0.103774
2330	-13.848792	0.002736	0.047170
2331	-16.906301	0.002173	0.075472
2332	-13.217925	0.003259	0.047170
2333	-8.177541	0.005219	0.078616
2334	-9.434312	0.005101	0.022013
2335	-10.250747	0.003769	0.028302
2336	-9.919785	0.003497	0.072327
2337	-13.451438	0.002866	0.062893
2338	-9.508374	0.003645	0.081761
2339	-9.791982	0.004032	0.066038
2340	-12.488982	0.003652	0.084906
2341	-8.912583	0.003699	0.062893
2342	-13.963607	0.003118	0.050314
2343	-13.592895	0.002215	0.088050
2344	-12.212485	0.002811	0.034591
2345	-17.213476	0.002071	0.066038
2346	-17.471670	0.001711	0.116352
2347	-14.757255	0.002245	0.072327
2348	-18.114965	0.002169	0.119497
2349	-14.830573	0.002803	0.088050
2350	-14.137107	0.003243	0.062893
2351	-12.056701	0.003889	0.040881
2352	-10.059478	0.003854	0.037736
2353	-9.952752	0.004272	0.044025
2354	-6.582200	0.005273	0.040881
2355	-9.834634	0.003998	0.037736
2356	-12.187896	0.004100	0.047170
2357	-14.333732	0.002868	0.084906
2358	-15.618735	0.002794	0.106918
2359	-12.602332	0.002884	0.062893
2360	-12.723205	0.003114	0.028302
2361	-11.639190	0.003444	0.044025
2362	-11.949241	0.003681	0.031447
2363	-11.984656	0.003375	0.059748
2364	-10.378196	0.004240	0.062893
2365	-10.022704	0.003946	0.050314
2366	-12.250190	0.002747	0.078616
2367	-15.559920	0.001993	0.072327
2368	-15.780486	0.002207	0.116352
2369	-12.079200	0.003011	0.072327
2370	-12.434310	0.002846	0.072327
2371	-14.253760	0.002106	0.106918
2372	-10.163939	0.003381	0.066038
2373	-12.059920	0.002626	0.072327
2374	-13.432868	0.002912	0.047170
2375	-12.098365	0.002838	0.050314
2376	-15.013602	0.002649	0.053459
2377	-13.746207	0.002663	0.059748
2378	-11.388419	0.003891	0.050314
2379	-13.064094	0.003155	0.056604
2380	-11.135093	0.003511	0.047170
2381	-13.119514	0.003481	0.050314
2382	-11.744964	0.003554	0.053459
2383	-13.389396	0.003233	0.037736
2384	-8.802426	0.004305	0.050314
2385	-6.085485	0.005766	0.025157
2386	-7.805367	0.005458	0.028302
2387	-10.214705	0.003317	0.059748
2388	-10.371894	0.003489	0.075472
2389	-17.843466	0.002155	0.084906
2390	-16.072058	0.002026	0.091195
2391	-14.457519	0.003016	0.056604
2392	-10.062339	0.004067	0.037736
2393	-11.808722	0.003664	0.018868
2394	-11.576522	0.002792	0.088050
2395	-17.805365	0.002255	0.069182
2396	-18.694983	0.001500	0.135220
2397	-11.885123	0.003309	0.040881
2398	-14.888663	0.002433	0.106918
2399	-10.401275	0.003325	0.037736
2400	-13.102706	0.002544	0.056604
2401	-12.805907	0.002966	0.047170
2402	-15.883697	0.002271	0.103774
2403	-13.143889	0.002880	0.066038
2404	-15.807303	0.001969	0.113208
2405	-13.628295	0.002684	0.069182
2406	-17.630575	0.002399	0.084906
2407	-12.304870	0.003006	0.044025
2408	-10.636344	0.003942	0.034591
2409	-12.267676	0.003689	0.028302
2410	-15.951461	0.002490	0.050314
2411	-18.356855	0.001884	0.106918
2412	-16.004019	0.001970	0.091195
2413	-10.287452	0.004099	0.025157
2414	-8.955285	0.005251	0.006289
2415	-10.903197	0.004414	0.006289
2416	-12.117820	0.003380	0.062893
2417	-15.625068	0.002419	0.100629
2418	-15.940154	0.002296	0.088050
2419	-14.234801	0.003273	0.044025
2420	-10.346366	0.003717	0.034591
2421	-12.715011	0.003427	0.028302
2422	-9.983191	0.003766	0.025157
2423	-17.503790	0.001788	0.110063
2424	-18.677137	0.001889	0.103774
2425	-10.438094	0.003511	0.028302
2426	-15.490607	0.002368	0.056604
2427	-11.881667	0.003535	0.012579
2428	-12.635940	0.003316	0.047170
2429	-14.234931	0.002017	0.069182
2430	-16.636236	0.001815	0.094340
2431	-13.794776	0.002326	0.059748
2432	-14.818671	0.002595	0.031447
2433	-18.648848	0.001415	0.103774
2434	-17.278700	0.001963	0.097484
2435	-17.819700	0.001863	0.100629
2436	-14.142371	0.002391	0.066038
2437	-17.569540	0.001751	0.094340
2438	-12.763389	0.003115	0.069182
2439	-12.908683	0.002834	0.040881
2440	-15.342917	0.001956	0.135220
2441	-12.101653	0.003554	0.053459
2442	-14.351073	0.002307	0.097484
2443	-10.870086	0.002996	0.088050
2444	-17.639189	0.001774	0.094340
2445	-17.523283	0.001745	0.066038
2446	-18.841650	0.001892	0.084906
2447	-15.151069	0.002249	0.078616
2448	-14.726020	0.001755	0.106918
2449	-17.355284	0.001816	0.094340
2450	-13.749373	0.002359	0.066038
2451	-17.601690	0.001730	0.091195
2452	-15.685920	0.002329	0.081761
2453	-14.323203	0.002706	0.062893
2454	-12.284514	0.002907	0.091195
2455	-15.999297	0.001788	0.094340
2456	-16.606665	0.002307	0.094340
2457	-15.303054	0.002107	0.053459
2458	-11.219802	0.002948	0.056604
2459	-12.003173	0.003162	0.047170
2460	-11.635200	0.003437	0.040881
2461	-11.801436	0.003049	0.075472
2462	-19.112997	0.001939	0.110063
2463	-13.207168	0.002450	0.059748
2464	-11.730681	0.003200	0.044025
2465	-11.367743	0.003689	0.034591
2466	-11.262099	0.003384	0.050314
2467	-12.938506	0.002908	0.053459
2468	-11.956023	0.003126	0.088050
2469	-12.323333	0.003126	0.059748
2470	-13.650146	0.002457	0.066038
2471	-14.902610	0.002673	0.059748
2472	-14.334479	0.002750	0.059748
2473	-11.461547	0.003592	0.044025
2474	-11.374450	0.003199	0.062893
2475	-16.127722	0.002209	0.100629
2476	-16.302992	0.002251	0.116352
2477	-15.133018	0.002076	0.075472
