-8.867931
-8.867745
-8.867844
-8.867794
-8.867135
-8.867237
-8.867368
-8.867388
-8.867684
-8.867750
-8.867796
-8.867828
-8.867846
-8.867905
-8.867768
-8.867653
-8.867530
-8.867833
-8.867633
-8.867726
-8.867891
-8.867890
-8.867907
-8.867821
-8.867774
-8.867805
-8.867523
-8.867881
-8.867916
-8.867844
-8.867914
-8.867573
-8.867529
-8.867639
-8.867790
-8.867706
-8.867305
-8.867523
-8.867393
-8.867588
-8.866885
-8.866947
-8.866915
-8.866484
-8.866923
-8.867615
-8.867578
-8.867901
-8.867846
-8.867846
-8.867811
-8.867883
-8.867736
-8.867854
-8.867881
-8.867844
-8.867419
-8.867634
-8.867626
-8.867623
-8.867744
-8.867900
-8.867875
-8.867834
-8.867471
-8.867539
-8.867465
-8.867782
-8.867835
-8.867886
-8.867763
-8.867882
-8.867944
-8.867865
-8.867817
-8.867887
-8.867723
-8.867609
-8.867435
-8.867439
-8.867898
-8.867894
-8.867848
-8.867929
-8.867891
-8.867806
-8.867810
-8.867792
-8.867700
-8.867822
-8.867922
-8.867859
-8.867895
-8.867834
-8.867712
-8.867736
-8.867713
-8.867795
-8.867336
-8.867813
-8.867651
-8.867736
-8.867692
-8.867787
-8.867737
-8.867682
-8.867637
-8.867697
-8.867770
-8.867768
-8.867763
-8.867804
-8.867884
-8.867767
-8.867901
-8.867708
-8.867654
-8.867716
-8.867775
-8.867608
-8.867557
-8.867616
-8.867641
-8.867619
-8.867510
-8.867313
-8.867069
-8.867354
-8.867394
-8.867336
-8.867664
-8.867423
-8.867563
-8.867631
-8.867465
-8.867493
-8.867455
-8.867651
-8.867561
-8.867751
-8.867647
-8.867669
-8.867788
-8.867833
-8.867721
-8.867464
-8.867614
-8.867300
-8.867435
-8.867194
-8.867602
-8.867759
-8.867318
-8.867377
-8.867627
-8.867446
-8.867575
-8.867487
-8.867646
-8.867465
-8.867677
-8.867661
-8.867681
-8.867406
-8.867559
-8.867718
-8.867553
-8.867818
-8.867873
-8.867744
-8.865551
-8.801054
-8.789149
-8.810884
-8.738056
-8.738799
-8.720011
-8.670125
-8.715342
-8.612046
-8.564703
-8.689895
-8.512655
-8.509933
-8.653051
-8.487640
-8.504016
-8.674765
-8.528510
-8.642948
-8.716555
-8.714357
-8.690331
-8.741356
-8.793080
-8.769520
-8.775401
-8.777078
-8.788326
-8.657684
-8.593454
-8.650047
-8.724139
-8.593752
-8.619348
-8.634765
-8.652287
-8.677934
-8.620939
-8.637770
-8.673031
-8.728795
-8.687609
-8.649508
-8.693045
-8.730561
-8.766098
-8.773532
-8.853515
-8.855181
-8.856032
-8.853537
-8.846684
-8.850281
-8.853983
-8.851176
-8.848322
-8.855841
-8.850879
-8.847730
-8.855626
-8.853765
-8.849436
-8.857006
-8.860373
-8.857866
-8.864443
-8.865437
-8.860274
-8.863551
-8.865854
-8.866622
-8.864062
-8.851586
-8.840859
-8.849049
-8.815994
-8.822116
-8.832573
-8.814959
-8.826883
-8.823560
-8.832460
-8.806423
-8.815742
-8.826311
-8.833108
-8.816667
-8.826833
-8.826864
-8.841580
-8.848716
-8.854807
-8.863765
-8.866508
-8.867736
-8.867715
-8.867841
-8.867871
-8.867746
-8.867343
-8.867599
-8.867783
-8.867695
-8.867762
-8.867613
-8.867784
-8.867593
-8.867804
-8.867761
-8.865294
-8.866465
-8.867637
-8.867105
-8.867488
-8.867170
-8.866511
-8.867233
-8.866844
-8.867216
-8.866967
-8.867345
-8.867364
-8.867597
-8.867718
-8.867704
-8.867397
-8.867248
-8.867484
-8.867397
-8.867565
-8.867759
-8.867574
-8.867576
-8.867146
-8.866992
-8.867368
-8.867183
-8.867182
-8.867553
-8.867357
-8.866979
-8.867063
-8.867480
-8.867002
-8.867148
-8.866966
-8.866699
-8.867167
-8.865300
-8.866391
-8.866635
-8.865167
-8.864502
-8.866177
-8.863297
-8.863234
-8.865409
-8.863658
-8.862306
-8.864447
-8.861968
-8.863890
-8.860341
-8.861589
-8.862460
-8.863608
-8.858050
-8.862056
-8.844503
-8.854739
-8.857820
-8.851064
-8.861395
-8.846104
-8.848311
-8.861130
-8.848827
-8.859627
-8.859918
-8.863121
-8.866080
-8.866549
-8.867785
-8.867681
-8.867696
-8.867858
-8.867749
-8.867890
-8.867845
-8.867795
-8.867319
-8.867714
-8.867465
-8.863379
-8.859884
-8.864950
-8.862765
-8.853984
-8.816514
-8.835230
-8.819538
-8.807439
-8.807228
-8.732890
-8.752709
-8.794572
-8.745121
-8.769930
-8.811975
-8.769654
-8.805608
-8.814592
-8.826447
-8.850202
-8.852194
-8.859137
-8.849277
-8.850768
-8.848662
-8.857212
-8.841964
-8.851507
-8.854773
-8.863050
-8.860612
-8.859867
-8.860879
-8.863390
-8.859731
-8.859224
-8.861983
-8.862863
-8.859976
-8.860124
-8.863997
-8.859201
-8.860399
-8.864101
-8.855119
-8.838583
-8.850943
-8.830697
-8.847713
-8.854596
-8.842203
-8.860275
-8.844600
-8.848156
-8.854461
-8.843206
-8.858948
-8.845613
-8.859393
-8.862695
-8.867468
-8.866561
-8.867134
-8.866674
-8.862097
-8.862519
-8.851297
-8.861311
-8.866961
-8.867888
-8.867565
-8.867786
-8.867561
-8.867627
-8.867867
-8.867850
-8.867836
-8.867834
-8.867848
-8.867332
-8.866633
-8.864974
-8.851008
-8.852499
-8.850502
-8.857660
-8.839101
-8.853123
-8.855060
-8.850973
-8.861359
-8.853404
-8.856452
-8.855787
-8.853580
-8.860696
-8.854789
-8.861712
-8.856205
-8.863501
-8.865881
-8.864469
-8.864107
-8.864386
-8.865802
-8.865352
-8.866962
-8.865077
-8.866501
-8.858854
-8.862844
-8.858183
-8.865972
-8.859007
-8.866339
-8.858883
-8.866801
-8.861262
-8.866131
-8.861569
-8.866199
-8.861902
-8.865292
-8.864223
-8.866768
-8.866059
-8.867090
-8.866560
-8.866942
-8.867311
-8.867582
-8.867632
-8.867712
-8.867653
-8.866940
-8.867494
-8.867301
-8.867681
-8.867681
-8.867509
-8.867119
-8.867537
-8.867738
-8.867785
-8.867841
-8.867739
-8.867784
-8.867847
-8.867492
-8.867705
-8.867588
-8.867877
-8.867807
-8.867772
-8.867723
-8.867857
-8.867835
-8.867936
-8.867884
-8.867856
-8.867865
-8.867898
-8.867890
-8.867849
-8.867860
-8.867594
-8.867517
-8.867543
-8.867695
-8.867529
-8.867632
-8.867931
-8.867829
-8.867826
-8.867833
-8.867811
-8.867615
-8.867608
-8.867610
-8.867471
-8.867192
-8.866649
-8.866677
-8.867026
-8.867887
-8.867762
-8.867862
-8.867873
-8.867690
-8.867793
-8.867794
-8.867880
-8.867663
-8.867805
-8.867476
-8.866970
-8.867126
-8.867349
-8.867640
-8.867936
-8.867859
-8.867891
-8.867918
-8.867864
-8.867786
-8.867908
-8.867705
-8.867666
-8.867550
-8.867648
-8.867835
-8.867617
-8.867561
-8.867498
-8.867729
-8.867791
-8.867849
-8.867746
-8.867375
-8.866840
-8.866767
-8.867264
-8.866806
-8.866467
-8.865511
-8.865742
-8.867042
-8.866564
-8.865887
-8.865318
-8.865497
-8.866763
-8.867618
-8.867816
-8.867764
-8.867876
-8.867847
-8.867891
-8.867744
-8.867763
-8.867376
-8.867408
-8.867129
-8.867473
-8.867778
-8.867853
-8.867867
-8.867858
-8.867675
-8.867447
-8.867286
-8.867729
-8.867939
-8.867942
-8.867332
-8.867173
-8.867261
-8.867565
-8.867814
-8.867921
-8.867937
-8.867931
-8.867906
-8.867758
-8.867670
-8.867248
-8.865623
-8.864988
-8.865210
-8.867465
-8.867527
-8.867364
-8.867539
-8.867728
-8.867870
-8.867935
-8.867909
-8.867623
-8.867668
-8.867805
-8.867918
-8.867933
-8.867937
-8.867498
-8.866887
-8.867139
-8.867067
-8.867226
-8.867265
-8.867317
-8.867257
-8.866739
-8.867453
-8.867344
-8.864138
-8.864368
-8.862868
-8.864308
-8.857000
-8.855475
-8.854386
-8.863626
-8.851358
-8.849463
-8.857877
-8.852824
-8.849596
-8.855220
-8.857960
-8.851418
-8.865545
-8.857161
-8.863733
-8.861122
-8.859845
-8.866721
-8.859221
-8.866162
-8.864994
-8.867092
-8.867659
-8.867492
-8.867728
-8.867927
-8.867606
-8.867502
-8.867178
-8.867056
-8.867682
-8.867478
-8.867267
-8.867729
-8.867662
-8.867560
-8.867793
-8.867736
-8.867924
-8.867835
-8.867856
-8.867829
-8.867743
-8.867692
-8.867726
-8.867827
-8.867841
-8.867764
-8.867836
-8.867752
-8.867847
-8.867792
-8.867701
-8.867832
-8.867731
-8.867738
-8.867844
-8.867826
-8.867749
-8.867770
-8.867858
-8.867926
-8.867715
-8.867810
-8.867880
-8.867875
-8.867774
-8.867904
-8.867804
-8.867652
-8.867867
-8.866745
-8.866479
-8.867283
-8.862724
-8.863412
-8.852850
-8.847267
-8.851087
-8.828894
-8.837360
-8.807855
-8.801769
-8.832940
-8.800996
-8.833292
-8.846049
-8.842298
-8.846008
-8.859197
-8.847410
-8.841630
-8.849247
-8.813895
-8.793530
-8.833617
-8.806116
-8.822246
-8.850097
-8.809035
-8.818769
-8.852096
-8.805809
-8.822233
-8.842576
-8.818946
-8.834232
-8.846830
-8.835864
-8.853138
-8.863372
-8.863443
-8.865788
-8.864094
-8.863471
-8.865910
-8.863470
-8.863171
-8.866302
-8.863687
-8.865353
-8.864388
-8.865129
-8.865573
-8.865238
-8.860316
-8.860023
-8.844405
-8.843442
-8.841851
-8.832597
-8.841100
-8.836954
-8.817201
-8.834499
-8.837237
-8.810063
-8.831234
-8.842309
-8.833349
-8.847239
-8.857857
-8.859229
-8.864212
-8.865939
-8.866429
-8.866011
-8.866936
-8.865476
-8.865604
-8.866853
-8.865753
-8.866680
-8.866926
-8.866662
-8.867749
-8.867782
-8.867762
-8.867559
-8.865660
-8.854665
-8.859050
-8.864338
-8.862661
-8.856746
-8.838273
-8.847081
-8.842944
-8.830117
-8.835724
-8.843944
-8.840217
-8.852168
-8.859551
-8.848453
-8.849378
-8.856073
-8.841702
-8.852575
-8.863169
-8.860330
-8.858709
-8.857901
-8.858135
-8.847056
-8.843733
-8.849754
-8.831752
-8.826225
-8.836146
-8.838875
-8.834930
-8.840499
-8.850509
-8.835880
-8.842963
-8.850432
-8.858626
-8.857167
-8.865007
-8.866695
-8.867469
-8.867417
-8.867795
-8.867419
-8.867637
-8.865631
-8.865443
-8.860266
-8.847291
-8.852448
-8.818399
-8.834182
-8.836856
-8.826166
-8.851066
-8.857077
-8.855468
-8.861639
-8.857886
-8.859494
-8.862899
-8.855992
-8.862669
-8.849103
-8.861508
-8.841002
-8.846523
-8.848822
-8.845295
-8.853002
-8.844204
-8.860363
-8.846708
-8.862653
-8.846491
-8.860071
-8.854553
-8.861343
-8.864776
-8.865284
-8.867117
-8.865379
-8.867107
-8.866060
-8.867502
-8.865965
-8.867617
-8.866098
-8.867391
-8.867313
-8.866776
-8.867324
-8.866900
-8.867296
-8.866822
-8.867671
-8.866611
-8.867498
-8.867814
-8.867299
-8.867689
-8.867508
-8.867770
-8.867606
-8.867604
-8.867814
-8.867572
-8.867854
-8.867807
-8.867659
-8.867735
-8.867784
-8.867211
-8.867716
-8.867352
-8.867761
-8.867809
-8.867527
-8.867776
-8.867794
-8.867834
-8.867654
-8.867913
-8.867872
-8.867889
-8.867929
-8.867855
-8.867841
-8.867897
-8.867838
-8.867782
-8.867762
-8.867830
-8.867903
-8.867906
-8.867795
-8.867866
-8.867933
-8.867883
-8.867853
-8.867893
-8.867890
-8.867946
-8.867844
-8.867863
-8.867876
-8.867810
-8.867673
-8.867887
-8.867931
-8.867896
-8.867854
-8.867870
-8.867882
-8.867866
-8.867867
-8.867913
-8.867910
-8.867908
-8.867808
-8.867661
-8.867700
-8.867776
-8.867841
-8.867780
-8.867670
-8.867873
-8.867900
-8.867866
-8.867942
-8.867865
-8.867862
-8.867901
-8.867848
-8.867831
-8.867734
-8.867804
-8.867843
-8.867901
-8.867942
-8.867878
-8.867867
-8.867905
-8.867821
-8.867494
-8.867288
-8.867639
-8.867696
-8.867902
-8.867771
-8.867554
-8.867074
-8.867577
-8.867720
-8.867757
-8.867646
-8.867895
-8.867760
-8.867706
-8.867612
-8.867323
-8.867146
-8.867860
-8.867826
-8.867882
-8.867770
-8.867860
-8.867862
-8.867911
-8.867899
-8.867876
-8.867777
-8.867828
-8.867505
-8.867288
-8.867157
-8.867599
-8.867457
-8.867450
-8.867049
-8.867352
-8.867201
-8.867506
-8.867122
-8.866892
-8.866649
-8.867202
-8.867582
-8.867638
-8.867722
-8.867681
-8.867792
-8.867867
-8.867724
-8.867867
-8.867758
-8.867662
-8.867636
-8.867212
-8.867376
-8.867876
-8.867702
-8.867738
-8.867413
-8.867704
-8.867736
-8.867668
-8.867728
-8.867827
-8.867743
-8.867800
-8.867681
-8.866215
-8.866880
-8.867180
-8.867531
-8.867070
-8.866616
-8.867439
-8.867331
-8.865932
-8.867241
-8.867115
-8.866683
-8.866846
-8.867011
-8.867804
-8.867577
-8.867392
-8.867188
-8.867581
-8.867330
-8.866926
-8.867394
-8.867775
-8.867453
-8.867661
-8.867723
-8.867848
-8.867789
-8.867746
-8.867807
-8.867726
-8.867771
-8.867726
-8.867829
-8.867436
-8.867501
-8.867487
-8.867582
-8.867700
-8.867758
-8.867650
-8.867527
-8.867348
-8.867526
-8.867416
-8.867821
-8.867748
-8.867795
-8.867607
-8.867576
-8.867393
-8.867137
-8.867381
-8.866874
-8.867147
-8.866471
-8.866998
-8.867181
-8.866722
-8.867447
-8.866643
-8.867448
-8.867260
-8.866934
-8.867607
-8.867153
-8.867540
-8.866766
-8.867323
-8.867393
-8.867209
-8.867659
-8.867264
-8.867037
-8.867755
-8.867272
-8.867419
-8.867153
-8.866593
-8.867502
-8.866619
-8.867371
-8.867510
-8.867041
-8.867632
-8.867108
-8.867509
-8.867700
-8.867254
-8.867795
-8.867393
-8.867845
-8.867914
-8.867745
-8.867860
-8.867943
-8.867890
-8.867849
-8.867893
-8.867660
-8.867841
-8.867839
-8.867852
-8.867860
-8.867908
-8.867859
-8.867871
-8.867650
-8.867673
-8.867778
-8.867411
-8.867611
-8.867782
-8.867533
-8.867451
-8.867568
-8.867414
-8.867550
-8.867069
-8.867490
-8.867717
-8.867361
-8.867684
-8.867284
-8.867796
-8.867368
-8.867382
-8.867191
-8.867586
-8.867704
-8.867663
-8.867804
-8.867599
-8.867774
-8.867403
-8.867857
-8.867483
-8.867765
-8.867319
-8.867233
-8.867211
-8.866928
-8.867316
-8.866434
-8.867194
-8.867111
-8.867061
-8.867326
-8.867210
-8.867535
-8.867728
-8.867521
-8.867586
-8.867475
-8.867533
-8.867722
-8.867708
-8.867809
-8.867670
-8.867431
-8.867662
-8.867364
-8.867498
-8.867749
-8.867369
-8.867644
-8.867043
-8.867349
-8.867290
-8.867502
-8.867517
-8.867109
-8.867284
-8.867263
-8.866942
-8.866838
-8.866700
-8.867234
-8.867086
-8.867415
-8.867213
-8.867722
-8.867569
-8.867761
-8.867550
-8.867626
-8.867722
-8.867611
-8.867605
-8.867294
-8.867343
-8.867265
-8.867672
-8.867599
-8.867386
-8.867769
-8.867423
-8.867646
-8.867511
-8.867550
-8.867425
-8.867387
-8.866822
-8.867315
-8.867176
-8.867579
-8.867672
-8.867618
-8.867564
-8.867785
-8.867745
-8.867772
-8.867669
-8.867626
-8.867823
-8.867724
-8.867816
-8.867651
-8.867764
-8.867780
-8.867798
-8.867766
-8.867836
-8.867511
-8.867502
-8.867451
-8.867851
-8.867717
-8.867794
-8.867736
-8.867788
-8.867681
-8.867671
-8.867855
-8.867597
-8.867744
-8.867829
-8.867578
-8.867602
-8.867836
-8.867866
-8.867511
-8.867593
-8.867733
-8.867725
-8.867832
-8.867629
-8.867754
-8.867578
-8.867774
-8.867638
-8.867777
-8.867663
-8.867680
-8.867752
-8.867718
-8.867383
-8.867690
-8.867622
-8.867762
-8.867668
-8.867654
-8.867791
-8.867822
-8.867797
-8.867658
-8.867816
-8.867781
-8.867708
-8.867604
-8.867503
-8.867677
-8.867675
-8.867632
-8.867476
-8.867826
-8.867645
-8.867520
-8.867658
-8.867482
-8.867789
-8.867572
-8.867764
-8.867812
-8.867832
-8.867836
-8.867768
-8.867887
-8.867881
-8.867725
-8.867690
-8.867780
-8.867738
-8.867773
-8.867879
-8.867867
-8.867764
-8.867386
-8.867836
-8.867826
-8.867832
-8.867646
-8.867859
-8.867702
-8.867824
-8.867622
-8.867750
-8.867861
-8.867781
-8.867775
-8.867871
-8.867738
-8.867693
-8.867844
-8.867886
-8.867807
-8.867902
-8.867794
-8.867950
-8.867736
-8.867895
-8.867818
-8.867869
-8.867827
-8.867877
-8.867806
-8.867961
-8.867879
-8.867702
-8.867856
-8.867851
-8.867945
-8.867789
-8.867843
-8.867612
-8.867665
-8.867551
-8.867834
-8.867784
-8.867689
-8.867836
-8.867940
-8.867879
-8.867902
-8.867749
-8.867884
-8.867819
-8.867685
-8.867386
-8.867673
-8.867865
-8.867858
-8.867905
-8.867925
-8.867839
-8.867852
-8.867844
-8.867881
-8.867733
-8.867835
-8.867806
-8.867844
-8.867903
-8.867896
-8.867810
-8.867632
-8.867773
-8.867912
-8.867780
-8.867776
-8.867844
-8.867923
-8.867724
-8.867879
-8.867886
-8.867611
-8.867798
-8.867867
-8.867865
-8.867513
-8.867765
-8.867919
-8.867700
-8.867700
-8.867754
-8.867903
-8.867656
-8.867670
-8.867509
-8.867707
-8.867849
-8.867851
-8.867782
-8.867812
-8.867766
-8.867848
-8.867815
-8.867926
-8.867922
-8.867949
-8.867795
-8.867881
-8.867928
-8.867901
-8.867939
-8.867939
-8.867959
-8.867848
-8.867898
-8.867943
-8.867684
-8.867711
-8.867877
-8.867927
-8.867900
-8.867868
-8.867911
-8.867935
-8.867934
-8.867840
-8.867663
-8.867478
-8.867646
-8.867612
-8.867525
-8.867653
-8.867722
-8.867826
-8.867756
-8.867748
-8.867899
-8.867892
-8.867867
-8.867890
-8.867929
-8.867845
-8.867710
-8.867791
-8.867805
-8.867559
-8.867476
-8.867634
-8.867817
-8.867910
-8.867948
-8.867887
-8.867858
-8.867908
-8.867878
-8.867900
-8.867848
-8.867810
-8.867906
-8.867936
-8.867947
-8.867879
-8.867834
-8.867764
-8.867759
-8.867684
-8.867670
-8.867587
-8.867353
-8.867600
-8.867719
-8.867900
-8.867846
-8.867869
-8.867903
-8.867939
-8.867880
-8.867888
-8.867902
-8.867812
-8.867900
-8.867468
-8.867084
-8.867601
-8.867501
-8.867424
-8.867711
-8.867906
-8.867908
-8.867838
-8.867796
-8.867827
-8.867774
-8.867669
-8.867830
-8.867880
-8.867924
-8.867889
-8.867903
-8.867770
-8.867695
-8.867690
-8.867789
-8.867901
-8.867922
-8.867889
-8.867834
-8.867862
-8.867910
-8.867902
-8.867822
-8.867826
-8.867773
-8.867844
-8.867826
-8.867869
-8.867948
-8.867888
-8.867653
-8.867668
-8.867754
-8.867698
-8.867491
-8.867598
-8.867765
-8.867917
-8.867873
-8.867844
-8.867579
-8.867698
-8.867750
-8.867749
-8.867769
-8.867845
-8.867872
-8.867909
-8.867890
-8.867881
-8.867756
-8.867791
-8.867735
-8.867826
-8.867818
-8.867866
-8.867832
-8.867802
-8.867931
-8.867862
-8.867936
-8.867933
-8.867928
-8.867834
-8.867880
-8.867837
-8.867807
-8.867696
-8.867741
-8.867865
-8.867921
-8.867917
-8.867600
-8.867827
-8.867855
-8.867839
-8.867775
-8.865784
-8.864054
-8.860898
-8.860325
-8.857155
-8.861003
-8.850754
-8.853958
-8.852462
-8.844315
-8.850157
-8.846754
-8.846936
-8.849620
-8.840591
-8.844381
-8.846042
-8.836923
-8.848288
-8.836244
-8.842223
-8.839345
-8.828916
-8.840547
-8.770342
-8.779810
-8.811882
-8.801641
-8.774479
-8.788500
-8.800380
-8.781372
-8.788732
-8.795929
-8.771658
-8.785879
-8.776000
-8.797527
-8.787960
-8.788522
-8.801816
-8.783037
-8.780486
-8.793580
-8.811266
-8.858990
-8.866128
-8.866190
-8.865114
-8.829342
-8.806622
-8.801446
-8.778719
-8.754683
-8.745812
-8.775488
-8.785096
-8.794765
-8.798912
-8.767909
-8.778889
-8.803774
-8.802782
-8.818173
-8.831408
-8.834019
-8.837649
-8.865285
-8.865068
-8.864331
-8.863564
-8.862674
-8.860452
-8.857151
-8.857326
-8.859212
-8.861032
-8.861000
-8.857973
-8.857328
-8.856698
-8.858664
-8.861337
-8.858134
-8.857085
-8.861486
-8.863083
-8.863157
-8.866377
-8.867451
-8.866196
-8.867445
-8.867830
-8.867893
-8.867564
-8.867719
-8.867744
-8.867869
-8.867443
-8.867766
-8.867832
-8.867889
-8.867847
-8.867882
-8.867885
-8.867599
-8.867903
-8.866490
-8.864570
-8.862678
-8.854555
-8.853153
-8.854229
-8.851133
-8.846175
-8.846796
-8.846673
-8.845583
-8.854071
-8.845181
-8.845208
-8.859767
-8.863874
-8.864536
-8.865986
-8.864431
-8.866252
-8.866735
-8.866158
-8.867037
-8.867712
-8.867511
-8.867558
-8.867729
-8.867478
-8.867723
-8.865193
-8.865802
-8.861430
-8.865279
-8.866696
-8.866933
-8.866197
-8.865308
-8.865758
-8.866235
-8.866425
-8.866052
-8.864889
-8.863293
-8.864390
-8.862696
-8.862751
-8.861778
-8.862792
-8.863730
-8.864968
-8.866181
-8.862525
-8.862744
-8.866083
-8.864833
-8.864809
-8.858232
-8.851245
-8.863840
-8.862502
-8.855960
-8.833534
-8.847931
-8.829656
-8.835446
-8.830184
-8.828023
-8.839349
-8.830564
-8.845725
-8.842452
-8.839537
-8.852159
-8.852609
-8.847816
-8.856467
-8.860416
-8.859782
-8.852149
-8.856279
-8.858685
-8.854789
-8.856204
-8.864758
-8.857052
-8.856010
-8.863413
-8.858940
-8.853572
-8.859086
-8.861008
-8.859130
-8.863238
-8.862643
-8.858963
-8.861077
-8.860432
-8.862378
-8.865455
-8.864247
-8.866052
-8.864894
-8.866186
-8.866736
-8.865056
-8.865527
-8.866282
-8.865724
-8.867346
-8.866509
-8.862308
-8.857797
-8.842319
-8.833777
-8.791745
-8.814077
-8.821254
-8.790339
-8.783874
-8.749842
-8.745236
-8.798978
-8.746905
-8.796461
-8.806292
-8.786366
-8.806440
-8.802159
-8.779704
-8.815084
-8.779146
-8.791359
-8.818069
-8.820691
-8.820878
-8.832135
-8.834473
-8.839367
-8.849113
-8.837555
-8.851203
-8.806831
-8.781921
-8.788651
-8.721522
-8.782513
-8.798358
-8.780139
-8.818041
-8.785087
-8.795557
-8.822347
-8.776482
-8.807432
-8.810803
-8.787527
-8.817117
-8.799694
-8.807053
-8.832633
-8.833827
-8.865577
-8.866911
-8.866054
-8.866719
-8.863815
-8.850700
-8.856628
-8.851643
-8.863704
-8.866794
-8.866295
-8.864752
-8.844862
-8.848440
-8.862124
-8.861649
-8.865194
-8.865241
-8.862543
-8.864295
-8.865457
-8.863728
-8.863841
-8.865200
-8.861143
-8.862389
-8.862183
-8.865018
-8.862261
-8.858345
-8.861063
-8.862118
-8.863808
-8.864192
-8.863848
-8.860646
-8.858368
-8.864029
-8.864904
-8.865393
-8.864208
-8.865540
-8.864253
-8.862177
-8.864511
-8.852049
-8.839026
-8.837600
-8.849393
-8.844661
-8.843806
-8.845437
-8.846775
-8.855665
-8.853799
-8.862726
-8.867568
-8.866982
-8.867709
-8.867150
-8.867552
-8.867620
-8.867467
-8.867773
-8.867832
-8.867639
-8.867858
-8.867570
-8.867705
-8.867862
-8.867838
-8.867799
-8.867741
-8.867779
-8.867769
-8.867786
-8.866882
-8.863517
-8.862278
-8.848834
-8.844409
-8.844782
-8.827061
-8.851519
-8.833050
-8.850510
-8.833195
-8.828734
-8.846201
-8.824296
-8.848833
-8.829953
-8.835156
-8.851875
-8.835382
-8.855433
-8.857101
-8.860510
-8.864561
-8.862418
-8.862473
-8.862668
-8.862755
-8.863502
-8.862058
-8.864140
-8.857774
-8.862700
-8.861030
-8.850955
-8.853619
-8.832863
-8.849650
-8.829318
-8.847045
-8.849377
-8.841494
-8.857589
-8.838885
-8.855933
-8.843588
-8.853001
-8.856533
-8.852739
-8.859392
-8.854043
-8.859326
-8.852682
-8.861038
-8.863739
-8.867622
-8.867411
-8.867759
-8.867529
-8.867648
-8.867866
-8.867896
-8.867794
-8.867838
-8.867544
-8.867286
-8.867762
-8.867834
-8.867812
-8.867919
-8.867887
-8.867791
-8.867626
-8.867733
-8.867852
-8.867721
-8.867875
-8.867305
-8.867739
-8.867737
-8.867890
-8.867668
-8.867790
-8.867774
-8.867879
-8.867746
-8.867821
-8.867731
-8.867768
-8.867705
-8.867769
-8.867779
-8.867793
-8.867655
-8.867616
-8.867779
-8.867811
-8.867788
-8.867780
-8.867920
-8.867856
-8.867868
-8.867892
-8.867890
-8.867804
-8.867780
-8.867659
-8.867816
-8.867885
-8.867660
-8.867741
-8.867707
-8.867873
-8.867844
-8.867801
-8.867911
-8.867871
-8.867817
-8.867612
-8.867879
-8.867794
-8.867743
-8.867822
-8.867672
-8.867668
-8.867585
-8.867704
-8.867720
-8.867711
-8.867864
-8.867867
-8.867863
-8.867858
-8.867760
-8.867887
-8.867880
-8.867668
-8.867776
-8.867572
-8.867491
-8.867654
-8.867668
-8.867734
-8.867708
-8.867869
-8.867792
-8.867704
-8.867686
-8.867468
-8.867511
-8.867717
-8.867849
-8.867800
-8.867839
-8.867800
-8.867807
-8.867518
-8.867650
-8.867849
-8.867354
-8.867704
-8.867867
-8.867932
-8.867887
-8.867882
-8.867850
-8.867795
-8.867826
-8.867741
-8.867837
-8.867766
-8.867779
-8.867249
-8.867441
-8.867648
-8.867826
-8.867773
-8.867613
-8.867680
-8.867825
-8.867119
-8.867449
-8.867707
-8.867498
-8.867787
-8.867768
-8.867358
-8.867490
-8.867836
-8.867705
-8.867850
-8.867784
-8.867910
-8.867836
-8.867814
-8.867820
-8.867812
-8.867812
-8.867740
-8.867737
-8.867846
-8.867558
-8.867558
-8.867404
-8.867817
-8.867549
-8.867295
-8.867702
-8.867746
-8.867729
-8.867863
-8.867875
-8.867721
-8.867620
-8.867628
-8.867600
-8.867459
-8.867778
-8.867800
-8.867589
-8.867804
-8.867650
-8.867849
-8.867686
-8.867741
-8.867745
-8.867863
-8.867807
-8.867826
-8.867866
-8.867718
-8.867730
-8.867866
-8.867773
-8.867882
-8.867927
-8.867820
-8.867889
-8.867666
-8.867551
-8.867834
-8.867876
-8.867723
-8.867874
-8.867905
-8.867778
-8.867897
-8.867905
-8.867900
-8.867848
-8.867683
-8.867843
-8.867687
-8.867041
-8.865785
-8.865897
-8.865003
-8.866671
-8.866129
-8.853980
-8.826531
-8.823133
-8.811756
-8.819099
-8.807954
-8.802575
-8.828008
-8.833025
-8.847644
-8.848336
-8.856354
-8.859822
-8.856288
-8.856983
-8.857629
-8.854591
-8.859305
-8.860085
-8.859308
-8.864606
-8.864967
-8.865961
-8.866284
-8.863105
-8.864141
-8.866659
-8.865868
-8.859872
-8.861904
-8.863902
-8.862418
-8.865512
-8.864316
-8.857043
-8.862045
-8.850943
-8.864010
-8.861271
-8.863685
-8.859040
-8.851727
-8.864107
-8.860373
-8.864449
-8.861719
-8.853116
-8.857747
-8.842194
-8.829819
-8.814632
-8.813531
-8.808807
-8.816890
-8.818692
-8.842616
-8.857686
-8.865355
-8.866905
-8.866864
-8.867589
-8.867517
-8.867772
-8.867826
-8.867848
-8.867816
-8.867771
-8.867670
-8.867851
-8.867917
-8.867909
-8.867810
-8.867772
-8.867876
-8.867893
-8.867900
-8.867836
-8.867869
-8.867946
-8.867775
-8.867872
-8.867574
-8.867617
-8.867579
-8.867702
-8.863668
-8.865351
-8.864749
-8.845116
-8.855578
-8.856701
-8.851947
-8.856648
-8.856352
-8.847939
-8.855959
-8.855964
-8.848362
-8.850082
-8.855134
-8.843060
-8.837144
-8.839080
-8.824174
-8.809520
-8.810558
-8.801943
-8.824696
-8.820292
-8.831683
-8.832288
-8.819722
-8.827307
-8.825423
-8.833173
-8.825196
-8.833573
-8.830598
-8.828871
-8.827250
-8.826345
-8.833566
-8.825130
-8.828833
-8.825438
-8.834856
-8.839135
-8.833391
-8.834177
-8.830136
-8.831898
-8.832384
-8.840584
-8.858892
-8.867109
-8.867426
-8.867408
-8.866283
-8.857354
-8.856045
-8.863355
-8.865236
-8.864207
-8.867027
-8.867136
-8.865288
-8.866838
-8.867321
-8.867375
-8.866922
-8.866058
-8.866777
-8.866732
-8.866984
-8.867724
-8.867733
-8.866975
-8.866140
-8.867179
-8.866077
-8.866555
-8.866694
-8.865663
-8.866310
-8.867479
-8.867303
-8.866930
-8.867178
-8.867427
-8.867258
-8.867622
-8.867767
-8.867515
-8.867568
-8.867788
-8.867690
-8.867710
-8.867577
-8.867833
-8.867849
-8.867908
-8.867933
-8.867877
-8.867855
-8.867843
-8.867792
-8.867571
-8.867770
-8.867680
-8.867834
-8.867814
-8.867839
-8.867816
-8.866450
-8.844075
-8.821810
-8.847878
-8.805648
-8.832263
-8.844604
-8.831471
-8.835230
-8.837311
-8.814705
-8.844522
-8.816377
-8.840167
-8.850577
-8.864433
-8.866797
-8.866513
-8.866993
-8.867158
-8.867327
-8.867334
-8.867533
-8.867606
-8.867642
-8.867565
-8.867805
-8.867721
-8.867808
-8.865829
-8.865062
-8.856201
-8.862036
-8.854666
-8.849545
-8.846249
-8.851676
-8.850045
-8.841468
-8.847446
-8.847424
-8.843549
-8.849771
-8.865133
-8.865860
-8.866718
-8.867004
-8.867090
-8.867700
-8.867720
-8.867887
-8.867884
-8.867816
-8.867799
-8.867629
-8.867632
-8.866440
-8.863443
-8.864873
-8.867573
-8.867336
-8.867521
-8.867274
-8.866711
-8.867038
-8.867313
-8.867065
-8.867249
-8.866815
-8.866451
-8.866699
-8.866523
-8.866928
-8.865906
-8.864549
-8.864073
-8.864589
-8.865131
-8.863434
-8.864263
-8.863044
-8.864572
-8.865612
-8.864906
-8.865037
-8.865344
-8.866586
-8.866961
-8.867235
-8.865892
-8.861710
-8.861461
-8.856866
-8.853652
-8.853676
-8.850427
-8.855803
-8.852598
-8.853065
-8.856981
-8.856041
-8.861653
-8.858856
-8.860222
-8.863198
-8.861244
-8.862141
-8.865449
-8.861060
-8.860999
-8.865035
-8.860147
-8.861514
-8.863729
-8.861740
-8.865053
-8.861851
-8.862212
-8.865730
-8.862155
-8.864241
-8.864707
-8.864093
-8.866235
-8.863646
-8.862826
-8.865268
-8.865287
-8.867088
-8.867043
-8.863770
-8.867631
-8.867756
-8.867931
-8.867876
-8.867898
-8.867919
-8.867901
-8.867867
-8.867860
-8.867775
-8.867290
-8.867646
-8.867783
-8.867915
-8.867844
-8.867887
-8.867800
-8.867856
-8.867900
-8.867851
-8.867887
-8.867829
-8.860452
-8.861410
-8.849734
-8.856199
-8.860291
-8.848781
-8.856598
-8.854248
-8.852015
-8.862391
-8.862114
-8.863645
-8.856621
-8.858425
-8.863639
-8.857848
-8.863918
-8.857843
-8.859786
-8.862117
-8.858715
-8.864472
-8.858880
-8.865705
-8.862675
-8.864192
-8.865283
-8.866301
-8.862906
-8.859848
-8.862626
-8.857661
-8.856762
-8.861808
-8.855417
-8.863293
-8.856009
-8.860909
-8.859118
-8.859035
-8.862674
-8.861491
-8.866416
-8.867270
-8.867827
-8.867473
-8.867804
-8.867411
-8.867634
-8.867559
-8.867783
-8.867616
-8.867375
-8.867663
-8.867659
-8.867909
-8.867844
-8.867774
-8.867899
-8.867837
-8.867898
-8.867710
-8.867907
-8.867858
-8.867884
-8.867558
-8.867006
-8.866961
-8.866987
-8.867679
-8.867682
-8.867132
-8.867521
-8.867911
-8.867838
-8.867683
-8.867805
-8.867685
-8.867801
-8.867832
-8.867799
-8.867500
-8.867736
-8.867702
-8.867654
-8.867804
-8.867844
-8.867763
-8.867842
-8.867909
-8.867784
-8.867806
-8.867863
-8.867747
-8.867747
-8.867295
-8.866629
-8.867459
-8.866892
-8.866403
-8.866735
-8.867320
-8.866849
-8.867255
-8.867692
-8.867929
-8.867811
-8.867264
-8.867382
-8.867308
-8.867687
-8.867902
-8.867823
-8.867824
-8.867692
-8.867900
-8.867762
-8.867837
-8.867810
-8.867820
-8.867908
-8.867900
-8.867824
-8.867592
-8.867593
-8.867588
-8.867754
-8.867875
-8.867870
-8.867898
-8.867739
-8.867758
-8.867334
-8.867265
-8.867778
-8.867852
-8.867814
-8.867835
-8.867848
-8.867780
-8.867790
-8.867662
-8.867632
-8.867620
-8.867828
-8.867893
-8.867859
-8.867911
-8.867877
-8.867797
-8.867933
-8.867873
-8.867520
-8.866918
-8.867256
-8.867578
-8.867619
-8.866930
-8.867409
-8.867619
-8.867532
-8.866832
-8.866745
-8.867506
-8.867162
-8.867315
-8.867220
-8.867002
-8.867371
-8.867841
-8.867935
-8.867788
-8.867897
-8.867832
-8.867847
-8.867589
-8.867036
-8.866982
-8.867101
-8.867579
-8.867716
-8.867848
-8.867613
-8.867273
-8.867502
-8.867404
-8.867477
-8.867950
-8.867880
-8.867917
-8.867865
-8.867810
-8.867764
-8.867685
-8.867527
-8.867052
-8.867194
-8.867664
-8.867884
-8.867880
-8.867867
-8.867703
-8.867834
-8.867672
-8.867615
-8.867805
-8.867857
-8.867929
-8.867838
-8.867800
-8.867824
-8.867865
-8.867847
-8.867752
-8.867780
-8.867647
-8.867539
-8.867350
-8.867561
-8.867784
-8.867868
-8.867938
-8.867911
-8.867876
-8.867808
-8.867722
-8.867818
-8.867780
-8.867758
-8.867764
-8.867892
-8.867919
-8.867600
-8.867652
-8.867762
-8.867458
-8.867366
-8.867816
-8.867882
-8.867832
-8.867918
-8.867798
-8.867862
-8.867632
-8.867562
-8.867721
-8.867785
-8.867786
-8.867785
-8.867804
-8.867625
-8.867668
-8.867604
-8.867874
-8.867957
-8.867909
-8.867924
-8.867865
-8.867691
-8.867804
-8.867855
-8.867883
-8.867830
-8.867882
-8.867758
-8.867862
-8.867728
-8.867930
-8.867786
-8.867144
-8.867043
-8.867017
-8.867169
-8.867703
-8.866582
-8.865233
-8.866477
-8.862307
-8.865917
-8.860145
-8.853833
-8.864659
-8.847743
-8.851044
-8.860095
-8.831332
-8.839749
-8.855330
-8.832272
-8.828859
-8.853724
-8.844199
-8.829865
-8.840376
-8.852796
-8.834632
-8.841155
-8.856513
-8.839830
-8.849340
-8.854440
-8.843800
-8.862912
-8.849978
-8.855973
-8.861857
-8.863159
-8.866831
-8.865797
-8.866667
-8.866198
-8.866646
-8.866106
-8.865248
-8.866689
-8.864940
-8.867089
-8.864977
-8.866862
-8.865493
-8.864076
-8.866063
-8.864193
-8.865337
-8.864832
-8.858250
-8.856939
-8.841619
-8.840048
-8.853122
-8.839487
-8.830589
-8.835412
-8.848094
-8.825309
-8.821410
-8.852185
-8.826288
-8.816836
-8.813198
-8.851557
-8.803081
-8.809178
-8.811723
-8.838691
-8.820584
-8.838216
-8.844128
-8.840729
-8.848453
-8.834396
-8.834907
-8.834117
-8.845294
-8.855981
-8.864591
-8.865386
-8.866506
-8.859719
-8.852280
-8.848164
-8.845499
-8.847001
-8.837922
-8.830891
-8.839953
-8.834953
-8.832435
-8.831672
-8.830798
-8.830489
-8.840532
-8.825744
-8.825171
-8.832602
-8.822910
-8.833426
-8.832299
-8.839850
-8.841344
-8.843938
-8.848331
-8.853317
-8.858048
-8.856127
-8.855405
-8.856503
-8.860711
-8.861215
-8.862698
-8.862433
-8.863192
-8.861702
-8.860814
-8.861435
-8.863056
-8.860375
-8.861553
-8.863589
-8.862580
-8.864672
-8.865147
-8.864705
-8.866941
-8.867533
-8.867456
-8.866908
-8.867259
-8.867345
-8.867443
-8.867782
-8.867770
-8.867847
-8.867856
-8.867407
-8.866729
-8.866577
-8.865686
-8.865930
-8.863511
-8.864644
-8.863027
-8.863265
-8.864661
-8.861092
-8.860715
-8.859833
-8.864738
-8.862141
-8.860029
-8.862395
-8.860640
-8.861034
-8.859208
-8.863725
-8.861289
-8.859938
-8.863981
-8.862410
-8.862638
-8.866220
-8.864769
-8.865761
-8.864413
-8.863396
-8.861798
-8.858399
-8.861506
-8.861493
-8.863223
-8.865026
-8.865897
-8.864391
-8.862855
-8.865641
-8.864286
-8.864777
-8.865717
-8.865732
-8.852922
-8.828398
-8.842144
-8.832937
-8.851933
-8.843303
-8.851418
-8.842591
-8.843361
-8.848460
-8.848503
-8.844526
-8.851729
-8.866585
-8.865026
-8.867049
-8.867330
-8.867609
-8.867565
-8.867082
-8.866891
-8.867726
-8.867434
-8.867137
-8.862723
-8.853433
-8.859628
-8.848943
-8.850564
-8.849564
-8.855331
-8.854295
-8.857236
-8.856764
-8.859071
-8.861159
-8.863036
-8.864556
-8.860471
-8.862896
-8.859200
-8.862880
-8.860991
-8.865172
-8.861655
-8.860815
-8.864757
-8.860207
-8.849168
-8.860389
-8.831689
-8.819761
-8.844522
-8.793595
-8.820051
-8.824574
-8.807673
-8.838926
-8.840891
-8.866220
-8.865813
-8.866456
-8.867615
-8.867427
-8.867672
-8.867643
-8.867738
-8.867708
-8.867610
-8.867785
-8.867078
-8.824756
-8.708785
-8.825670
-8.837590
-8.837327
-8.827403
-8.831238
-8.832747
-8.809418
-8.823210
-8.801157
-8.806046
-8.815466
-8.810169
-8.799442
-8.791686
-8.784540
-8.789611
-8.784664
-8.779419
-8.774306
-8.771297
-8.778234
-8.788017
-8.798392
-8.807854
-8.815007
-8.819336
-8.830624
-8.832931
-8.845397
-8.859597
-8.862375
-8.863542
-8.865078
-8.863651
-8.865575
-8.864943
-8.864678
-8.865110
-8.866252
-8.866325
-8.866219
-8.866740
-8.866289
-8.867044
-8.866993
-8.866695
-8.866946
-8.866134
-8.865573
-8.863711
-8.862113
-8.864778
-8.865641
-8.866523
-8.866981
-8.867497
-8.867628
-8.867687
-8.867790
-8.867834
-8.867516
-8.867445
-8.867535
-8.867672
-8.867601
-8.867397
-8.867487
-8.867520
-8.867334
-8.867503
-8.867536
-8.867584
-8.867781
-8.867472
-8.867406
-8.867709
-8.867814
-8.867774
-8.867804
-8.867908
-8.867817
-8.867797
-8.867917
-8.867712
-8.867805
-8.867887
-8.867729
-8.867911
-8.867844
-8.867843
-8.867801
-8.867796
-8.867873
-8.867805
-8.867827
-8.867892
-8.867774
-8.867865
-8.867870
-8.867908
-8.867794
-8.867861
-8.867740
-8.867746
-8.867784
-8.867871
-8.867647
-8.867745
-8.867778
-8.867775
-8.867726
-8.867778
-8.867782
-8.867783
-8.867760
-8.867724
-8.867754
-8.867733
-8.867600
-8.867726
-8.867705
-8.867830
-8.867720
-8.867745
-8.867724
-8.867834
-8.867829
-8.867824
-8.867687
-8.867430
-8.867369
-8.867643
-8.867479
-8.867648
-8.867582
-8.867736
-8.867830
-8.867935
-8.867914
-8.867887
-8.867836
-8.867833
-8.867129
-8.866652
-8.866740
-8.828536
-8.838121
-8.865188
-8.860119
-8.864365
-8.859837
-8.855384
-8.859391
-8.853783
-8.852544
-8.856419
-8.857043
-8.865148
-8.860662
-8.845247
-8.841736
-8.846391
-8.837730
-8.851387
-8.838872
-8.848360
-8.848866
-8.863844
-8.865094
-8.865851
-8.867144
-8.867734
-8.867578
-8.867258
-8.850982
-8.610583
-8.821383
-8.817140
-8.782444
-8.785954
-8.808144
-8.800548
-8.800246
-8.821907
-8.788911
-8.801906
-8.814473
-8.828293
-8.827063
-8.832125
-8.850949
-8.858516
-8.861005
-8.861611
-8.862176
-8.859381
-8.861262
-8.860357
-8.859586
-8.860692
-8.862522
-8.861872
-8.861092
-8.864002
-8.863349
-8.863209
-8.866583
-8.864606
-8.859957
-8.858271
-8.859294
-8.851899
-8.843417
-8.829471
-8.824002
-8.828893
-8.829922
-8.829467
-8.831989
-8.833500
-8.831316
-8.828973
-8.824180
-8.821664
-8.818546
-8.814166
-8.814414
-8.815098
-8.832900
-8.857928
-8.857915
-8.846578
-8.844227
-8.857578
-8.856577
-8.859547
-8.858057
-8.859099
-8.860857
-8.864599
-8.863749
-8.865016
-8.865888
-8.863770
-8.863961
-8.862368
-8.864329
-8.865480
-8.866637
-8.866591
-8.861554
-8.845751
-8.841453
-8.831052
-8.826635
-8.833962
-8.842237
-8.844186
-8.844930
-8.843981
-8.840487
-8.845851
-8.839621
-8.847232
-8.843811
-8.842981
-8.839497
-8.845625
-8.841960
-8.847974
-8.852167
-8.851295
-8.850181
-8.842302
-8.842073
-8.824137
-8.814499
-8.810676
-8.812819
-8.819268
-8.832320
-8.822577
-8.829918
-8.831622
-8.819828
-8.832925
-8.813783
-8.813567
-8.805703
-8.807205
-8.817978
-8.825101
-8.819860
-8.825226
-8.819892
-8.799473
-8.801149
-8.849498
-8.863336
-8.866418
-8.866471
-8.866211
-8.861749
-8.858531
-8.852575
-8.851748
-8.854358
-8.855203
-8.860209
-8.857219
-8.855912
-8.853264
-8.850097
-8.846344
-8.846016
-8.839812
-8.848112
-8.839385
-8.850780
-8.848027
-8.851406
-8.856387
-8.850828
-8.854956
-8.859675
-8.863228
-8.861960
-8.864062
-8.864592
-8.864976
-8.863955
-8.863712
-8.862561
-8.860497
-8.857949
-8.854077
-8.848685
-8.852577
-8.836076
-8.833933
-8.842362
-8.840766
-8.847007
-8.847696
-8.857298
-8.860979
-8.865028
-8.865369
-8.863737
-8.864893
-8.863498
-8.860083
-8.857361
-8.858267
-8.850477
-8.852479
-8.852721
-8.857330
-8.843524
-8.850862
-8.854227
-8.854947
-8.844104
-8.847402
-8.845677
-8.850584
-8.835670
-8.852123
-8.864481
-8.866253
-8.867696
-8.867668
-8.867572
-8.867795
-8.867566
-8.867815
-8.867769
-8.867778
-8.867476
-8.867747
-8.863349
-8.831506
-8.819529
-8.824144
-8.824834
-8.820839
-8.842870
-8.842524
-8.843003
-8.844972
-8.841398
-8.843208
-8.847609
-8.848154
-8.851027
-8.845409
-8.850574
-8.848660
-8.857218
-8.846568
-8.849521
-8.850317
-8.859954
-8.845892
-8.846885
-8.850424
-8.859394
-8.848509
-8.851560
-8.852467
-8.858692
-8.856039
-8.861577
-8.865469
-8.863393
-8.862985
-8.865437
-8.863660
-8.863955
-8.866479
-8.862951
-8.862333
-8.866670
-8.863891
-8.864116
-8.866841
-8.864727
-8.866480
-8.866378
-8.864473
-8.866674
-8.866153
-8.864790
-8.866944
-8.865404
-8.866301
-8.866312
-8.865067
-8.867140
-8.866280
-8.866666
-8.866978
-8.865931
-8.867043
-8.864873
-8.866358
-8.866831
-8.865126
-8.866598
-8.865102
-8.866792
-8.866127
-8.866311
-8.867435
-8.867603
-8.867869
-8.867357
-8.867582
-8.867487
-8.867634
-8.867841
-8.867657
-8.867661
-8.867629
-8.867750
-8.867690
-8.867790
-8.867694
-8.867889
-8.867785
-8.867780
-8.867710
-8.867714
-8.867599
-8.866003
-8.864294
-8.839784
-8.840193
-8.840732
-8.841863
-8.843990
-8.839227
-8.851829
-8.848244
-8.846745
-8.848312
-8.866123
-8.864756
-8.864654
-8.865094
-8.859706
-8.855610
-8.856817
-8.858139
-8.861973
-8.859660
-8.860697
-8.856183
-8.854893
-8.855083
-8.842922
-8.846087
-8.841465
-8.845481
-8.849375
-8.844374
-8.849339
-8.845125
-8.844141
-8.853245
-8.843596
-8.848427
-8.851362
-8.860373
-8.861752
-8.861979
-8.864094
-8.864169
-8.865436
-8.864887
-8.865579
-8.867230
-8.867455
-8.867722
-8.867836
-8.867882
-8.866950
-8.864692
-8.862863
-8.865738
-8.862167
-8.860492
-8.864395
-8.860283
-8.861548
-8.856942
-8.862119
-8.842094
-8.848401
-8.848388
-8.839878
-8.852647
-8.845263
-8.842980
-8.857721
-8.841729
-8.850847
-8.861578
-8.864305
-8.867674
-8.866098
-8.867270
-8.866333
-8.867278
-8.866881
-8.867308
-8.867704
-8.867191
-8.867644
-8.866877
-8.861839
-8.864803
-8.853346
-8.858787
-8.861373
-8.857635
-8.857196
-8.850309
-8.842957
-8.843003
-8.822187
-8.838350
-8.840791
-8.812942
-8.847915
-8.800799
-8.823339
-8.825316
-8.818613
-8.841797
-8.825870
-8.852151
-8.707424
-8.771410
-8.858251
-8.860231
-8.853367
-8.862329
-8.795926
-8.327666
-8.719778
-8.758942
-8.696388
-8.765394
-8.804218
-8.817521
-8.794436
-8.818416
-8.833046
-8.809128
-8.819788
-8.823469
-8.818400
-8.827947
-8.840056
-8.863300
-8.864094
-8.865679
-8.866529
-8.866742
-8.864287
-8.864341
-8.856351
-8.841031
-8.835517
-8.819902
-8.814802
-8.808038
-8.803946
-8.801111
-8.795545
-8.798683
-8.797299
-8.795656
-8.794979
-8.813217
-8.813593
-8.824840
-8.829069
-8.836992
-8.847745
-8.851727
-8.854614
-8.858144
-8.859596
-8.860850
-8.861189
-8.858907
-8.860987
-8.862816
-8.864432
-8.865104
-8.865641
-8.865746
-8.865623
-8.867124
-8.864190
-8.866771
-8.865573
-8.866414
-8.864939
-8.867215
-8.866689
-8.866404
-8.866684
-8.866619
-8.867204
-8.867640
-8.867669
-8.867524
-8.867659
-8.867556
-8.867673
-8.867694
-8.867553
-8.867670
-8.867841
-8.867840
-8.867716
-8.867855
-8.867708
-8.867730
-8.867748
-8.867832
-8.867798
-8.867695
-8.867723
-8.867785
-8.867577
-8.867482
-8.867700
-8.867732
-8.867483
-8.867822
-8.867654
-8.867742
-8.867690
-8.867864
-8.867908
-8.867854
-8.867768
-8.867879
-8.867872
-8.867873
-8.867890
-8.867776
-8.867801
-8.867895
-8.867833
-8.867848
-8.867817
-8.867876
-8.867765
-8.867579
-8.867546
-8.867435
-8.867434
-8.867664
-8.867666
-8.867647
-8.867529
-8.867661
-8.867428
-8.867081
-8.867188
-8.867509
-8.867568
-8.867415
-8.867772
-8.867756
-8.867658
-8.867805
-8.867803
-8.867268
-8.867312
-8.867672
-8.867716
-8.867494
-8.867101
-8.864004
-8.863830
-8.861730
-8.857322
-8.858798
-8.839285
-8.829254
-8.843642
-8.842144
-8.842711
-8.838027
-8.830191
-8.832137
-8.831710
-8.835404
-8.829762
-8.837421
-8.817452
-8.813398
-8.824106
-8.825983
-8.837312
-8.851497
-8.853734
-8.860790
-8.862102
-8.862809
-8.865898
-8.863996
-8.864804
-8.865092
-8.865497
-8.864586
-8.863708
-8.861767
-8.860932
-8.861571
-8.848299
-8.853407
-8.844899
-8.848308
-8.852807
-8.851260
-8.847202
-8.855056
-8.843680
-8.853548
-8.852632
-8.858671
-8.866426
-8.866482
-8.867227
-8.867653
-8.867758
-8.867694
-8.867743
-8.867481
-8.867703
-8.867810
-8.867710
-8.867895
-8.867642
-8.867375
-8.867549
-8.867655
-8.865589
-8.854697
-8.816714
-8.813525
-8.823637
-8.831164
-8.833009
-8.825257
-8.809453
-8.805376
-8.812059
-8.812644
-8.814491
-8.823986
-8.788348
-8.781831
-8.771031
-8.763039
-8.782648
-8.762083
-8.799712
-8.779210
-8.770413
-8.780001
-8.770447
-8.783808
-8.794066
-8.805353
-8.804458
-8.800140
-8.817396
-8.824831
-8.810425
-8.808474
-8.811831
-8.806834
-8.803477
-8.799667
-8.801600
-8.785573
-8.792108
-8.797522
-8.802171
-8.819693
-8.828815
-8.827940
-8.837941
-8.839570
-8.837549
-8.839088
-8.841558
-8.842526
-8.839977
-8.844181
-8.843964
-8.844817
-8.839904
-8.841256
-8.841647
-8.845940
-8.845239
-8.846449
-8.845580
-8.849651
-8.846686
-8.852977
-8.847698
-8.844868
-8.843968
-8.843923
-8.847049
-8.849780
-8.853918
-8.855186
-8.862191
-8.865760
-8.866325
-8.865963
-8.867033
-8.866218
-8.866627
-8.866906
-8.867199
-8.867339
-8.867764
-8.867297
-8.867248
-8.867157
-8.867092
-8.867511
-8.867639
-8.867522
-8.867700
-8.867829
-8.866815
-8.865606
-8.866312
-8.861951
-8.859896
-8.854218
-8.855765
-8.839126
-8.824813
-8.823318
-8.820550
-8.811526
-8.821595
-8.800519
-8.803018
-8.806344
-8.828813
-8.833165
-8.842130
-8.852103
-8.857097
-8.860633
-8.865626
-8.866907
-8.867104
-8.867104
-8.867398
-8.866794
-8.866924
-8.867469
-8.867736
-8.865334
-8.865861
-8.859188
-8.848964
-8.839745
-8.831574
-8.812267
-8.828475
-8.833284
-8.825546
-8.822848
-8.824825
-8.834454
-8.830977
-8.832617
-8.839694
-8.840231
-8.850515
-8.844803
-8.849520
-8.858592
-8.862195
-8.864205
-8.865367
-8.863758
-8.863455
-8.865913
-8.865698
-8.866044
-8.866886
-8.865068
-8.866613
-8.866916
-8.864531
-8.864508
-8.861794
-8.860342
-8.863673
-8.861402
-8.857344
-8.852940
-8.846526
-8.770374
-8.799253
-8.832758
-8.800101
-8.812103
-8.833527
-8.794397
-8.853507
-8.829391
-8.835238
-8.856840
-8.845953
-8.862158
-8.854414
-8.856009
-8.862008
-8.859400
-8.865931
-8.861155
-8.864882
-8.862150
-8.862784
-8.864673
-8.862675
-8.865656
-8.863291
-8.862576
-8.863972
-8.863672
-8.864607
-8.865330
-8.865527
-8.864608
-8.866765
-8.865445
-8.866554
-8.865381
-8.865767
-8.863016
-8.866060
-8.864800
-8.866363
-8.864197
-8.865988
-8.865151
-8.865816
-8.864720
-8.865684
-8.863845
-8.866084
-8.861725
-8.865267
-8.863758
-8.866682
-8.865593
-8.867167
-8.865805
-8.867278
-8.867184
-8.867496
-8.867173
-8.867038
-8.867459
-8.867794
-8.867832
-8.867778
-8.867547
-8.867785
-8.867425
-8.867795
-8.867822
-8.867774
-8.867808
-8.867618
-8.867517
-8.867648
-8.867321
-8.867494
-8.867785
-8.867637
-8.867324
-8.867643
-8.867686
-8.867421
-8.867262
-8.867841
-8.867807
-8.867676
-8.867712
-8.867615
-8.867656
-8.867701
-8.867844
-8.867659
-8.867670
-8.867632
-8.867493
-8.867497
-8.867774
-8.867884
-8.867765
-8.867688
-8.867624
-8.867871
-8.867704
-8.867785
-8.867822
-8.867727
-8.867875
-8.867834
-8.867481
-8.867826
-8.867874
-8.867728
-8.867841
-8.867766
-8.867613
-8.867502
-8.867481
-8.867458
-8.867092
-8.866796
-8.866498
-8.866048
-8.865811
-8.865654
-8.865842
-8.865036
-8.865623
-8.866183
-8.866197
-8.867361
-8.867358
-8.867620
-8.867697
-8.867770
-8.867722
-8.867783
-8.867625
-8.867889
-8.867854
-8.867746
-8.867764
-8.867286
-8.865552
-8.864128
-8.863120
-8.861485
-8.861518
-8.863150
-8.864216
-8.865702
-8.865862
-8.866165
-8.867192
-8.867653
-8.867566
-8.867677
-8.867516
-8.867770
-8.867633
-8.867833
-8.867578
-8.867745
-8.867734
-8.867585
-8.867273
-8.867393
-8.867150
-8.867414
-8.867051
-8.866811
-8.867102
-8.866948
-8.866833
-8.865726
-8.865707
-8.866184
-8.865659
-8.867013
-8.866535
-8.866856
-8.867377
-8.866383
-8.866982
-8.867346
-8.867185
-8.867476
-8.867770
-8.867337
-8.867461
-8.867319
-8.867548
-8.867420
-8.867125
-8.867785
-8.867708
-8.867905
-8.867654
-8.867704
-8.867860
-8.867520
-8.867547
-8.867714
-8.867736
-8.867842
-8.867785
-8.867383
-8.867659
-8.867756
-8.867831
-8.867552
-8.867528
-8.867870
-8.867647
-8.867883
-8.867818
-8.867870
-8.867559
-8.867669
-8.867811
-8.867785
-8.867794
-8.867864
-8.867648
-8.867848
-8.867761
-8.867495
-8.867531
-8.867722
-8.867798
-8.867908
-8.867771
-8.867830
-8.867860
-8.867838
-8.867829
-8.867700
-8.867717
-8.867802
-8.867833
-8.867893
-8.867852
-8.867820
-8.867882
-8.867912
-8.867832
-8.867741
-8.867652
-8.867808
-8.867476
-8.867825
-8.867833
-8.867570
-8.867348
-8.867803
-8.867895
-8.867734
-8.867725
-8.867807
-8.867791
-8.860963
-8.863935
-8.844645
-8.841114
-8.862235
-8.863905
-8.843634
-8.838544
-8.858727
-8.867260
-8.861138
-8.843804
-8.845829
-8.861258
-8.866089
-8.858792
-8.856764
-8.861527
-8.867431
-8.867056
-8.865808
-8.864687
-8.866653
-8.867614
-8.865564
-8.863420
-8.860749
-8.865123
-8.867825
-8.866823
-8.865705
-8.865348
-8.866941
-8.867681
-8.867866
-8.867641
-8.867431
-8.867918
-8.867508
-8.866838
-8.867531
-8.867836
-8.867873
-8.867929
-8.867857
-8.867826
-8.867897
-8.867908
-8.867777
-8.867620
-8.867572
-8.867703
-8.867813
-8.867924
-8.867797
-8.867651
-8.867834
-8.867681
-8.867842
-8.867885
-8.867781
-8.867673
-8.867675
-8.867561
-8.867562
-8.867631
-8.867708
-8.867867
-8.867640
-8.867534
-8.867626
-8.867597
-8.867846
-8.867826
-8.867700
-8.867900
-8.867664
-8.867832
-8.867846
-8.867898
-8.867865
-8.867806
-8.867637
-8.867535
-8.867909
-8.867950
-8.867828
-8.867650
-8.867802
-8.867753
-8.867867
-8.867888
-8.867807
-8.867844
-8.867829
-8.867889
-8.867515
-8.867868
-8.867823
-8.867900
-8.867857
-8.867806
-8.867628
-8.867609
-8.867581
-8.867620
-8.867641
-8.867750
-8.867768
-8.867858
-8.867885
-8.867810
-8.867881
-8.867912
-8.867805
-8.867697
-8.867846
-8.867766
-8.867731
-8.867855
-8.867876
-8.867866
-8.867866
-8.867880
-8.867773
-8.867223
-8.865357
-8.866285
-8.866064
-8.862326
-8.864026
-8.866733
-8.866994
-8.866018
-8.866555
-8.867440
-8.867846
-8.867770
-8.867776
-8.867895
-8.867732
-8.867313
-8.867167
-8.867249
-8.867742
-8.867561
-8.866962
-8.865494
-8.865750
-8.866745
-8.867140
-8.867299
-8.867875
-8.867908
-8.867846
-8.867840
-8.867944
-8.867920
-8.867805
-8.867710
-8.867882
-8.867702
-8.867626
-8.867654
-8.867827
-8.867957
-8.867807
-8.867529
-8.867416
-8.867865
-8.867629
-8.867704
-8.867935
-8.867664
-8.867551
-8.867765
-8.867893
-8.867877
-8.867920
-8.867946
-8.867951
-8.867678
-8.867949
-8.867857
-8.867782
-8.867840
-8.867887
-8.867848
-8.867886
-8.867779
-8.867867
-8.867924
-8.867804
-8.867867
-8.867948
-8.867855
-8.867874
-8.867860
-8.867789
-8.867930
-8.867834
-8.867829
-8.867892
-8.867913
-8.867834
-8.867903
-8.867865
-8.867845
-8.867915
-8.867913
-8.867544
-8.867683
-8.867802
-8.867849
-8.867924
-8.867908
-8.867846
-8.867872
-8.867747
-8.867933
-8.867935
-8.867951
-8.867867
-8.867922
-8.867924
-8.867874
-8.867931
-8.867900
-8.867523
-8.867833
-8.867823
-8.867884
-8.867782
-8.867849
-8.867920
-8.867883
-8.867749
-8.867748
-8.867800
-8.867818
-8.867914
-8.867776
-8.867917
-8.867729
-8.867792
-8.867828
-8.867699
-8.867802
-8.867888
-8.867874
-8.867785
-8.867871
-8.867647
-8.867871
-8.867654
-8.867516
-8.867175
-8.867750
-8.867740
-8.867789
-8.867764
-8.867605
-8.867653
-8.867801
-8.867885
-8.867857
-8.867826
-8.867807
-8.867837
-8.867817
-8.867838
-8.867886
-8.867903
-8.867835
-8.867895
-8.867827
-8.867868
-8.867831
-8.867785
-8.867879
-8.867827
-8.867891
-8.867942
-8.867898
-8.867833
-8.867908
-8.867853
-8.867741
-8.867892
-8.867885
-8.867839
-8.867939
-8.867888
-8.867702
-8.867754
-8.867722
-8.867860
-8.867859
-8.867836
-8.867856
-8.867902
-8.867819
-8.867842
-8.867906
-8.867905
-8.867895
-8.867841
-8.867879
-8.867855
-8.867773
-8.867831
-8.867730
-8.867846
-8.867814
-8.867704
-8.867881
-8.867844
-8.867668
-8.867762
-8.867724
-8.867846
-8.867880
-8.867877
-8.867892
-8.867727
-8.867895
-8.867855
-8.867773
-8.867705
-8.867231
-8.867456
-8.867507
-8.867411
-8.867644
-8.867688
-8.867620
-8.867644
-8.867880
-8.867672
-8.867540
-8.867737
-8.867511
-8.867551
-8.867605
-8.867608
-8.867659
-8.867636
-8.867744
-8.867776
-8.867909
-8.867830
-8.867859
-8.867754
-8.867873
-8.867889
-8.867913
-8.867926
-8.867878
-8.867849
-8.867908
-8.867818
-8.867815
-8.867763
-8.867714
-8.867744
-8.867620
-8.867622
-8.867697
-8.867613
-8.867300
-8.867824
-8.867289
-8.867263
-8.867678
-8.867545
-8.867411
-8.867759
-8.867728
-8.867839
-8.867657
-8.867888
-8.867827
-8.867740
-8.867816
-8.867710
-8.867512
-8.867890
-8.867630
-8.867735
-8.867572
-8.867794
-8.867188
-8.867796
-8.867349
-8.867816
-8.867586
-8.867928
-8.867896
-8.867871
-8.867805
-8.867904
-8.867643
-8.867896
-8.867814
-8.867750
-8.867931
-8.867817
-8.867656
-8.867762
-8.867891
-8.867743
-8.867715
-8.867864
-8.867681
-8.867881
-8.867740
-8.867867
-8.867781
-8.867871
-8.867447
-8.867733
-8.867658
-8.867793
-8.867709
-8.867691
-8.867806
-8.867584
-8.867529
-8.867796
-8.867732
-8.867817
-8.867506
-8.867599
-8.867134
-8.867287
-8.867149
-8.867485
-8.867671
-8.867737
-8.867579
-8.867758
-8.867819
-8.867922
-8.867894
-8.867874
-8.867791
-8.867701
-8.867713
-8.867478
-8.867672
-8.867752
-8.867689
-8.867893
-8.867838
-8.867895
-8.867924
-8.867939
-8.867807
-8.867676
-8.867752
-8.867927
-8.867727
-8.867746
-8.867860
-8.867813
-8.867786
-8.867794
-8.867837
-8.867871
-8.867750
-8.867844
-8.867856
-8.867918
-8.867711
-8.867924
-8.867860
-8.867832
-8.867882
-8.867682
-8.867590
-8.867692
-8.867749
-8.867563
-8.867799
-8.867888
-8.867868
-8.867931
-8.867893
-8.867892
-8.867680
-8.867597
-8.867573
-8.867349
-8.867511
-8.867707
-8.867791
-8.867671
-8.867876
-8.867814
-8.867891
-8.867751
-8.867650
-8.867810
-8.867717
-8.867617
-8.867699
-8.867765
-8.867574
-8.867807
-8.867900
-8.867904
-8.867924
-8.867884
-8.867684
-8.867756
-8.867871
-8.867860
-8.867681
-8.867772
-8.867732
-8.867768
-8.867947
-8.867827
-8.867924
-8.867891
-8.867904
-8.867824
-8.867856
-8.867840
-8.867937
-8.867952
-8.867920
-8.867867
-8.867922
-8.867894
-8.867784
-8.867928
-8.867871
-8.867957
-8.867898
-8.867622
-8.867830
-8.867778
-8.867855
-8.867927
-8.867741
-8.867645
-8.867949
-8.867736
-8.867589
-8.867900
-8.867870
-8.867942
-8.867940
-8.867904
-8.867871
-8.867929
-8.867868
-8.867875
-8.867932
-8.867887
-8.867931
-8.867891
-8.867822
-8.867908
-8.867933
-8.867913
-8.867926
-8.867763
-8.867906
-8.867684
-8.867700
-8.867833
-8.867926
-8.867900
-8.867863
-8.867853
-8.867918
-8.867826
-8.867867
-8.867708
-8.867744
-8.867784
-8.867780
-8.867654
-8.867873
-8.867617
-8.867922
-8.867862
-8.867860
-8.867836
-8.867781
-8.867706
-8.867574
-8.867744
-8.867702
-8.867775
-8.867861
-8.867721
-8.867680
-8.867838
-8.867833
-8.867693
-8.867828
-8.867863
-8.867812
-8.867826
-8.867816
-8.867760
-8.867678
-8.867716
-8.867806
-8.867664
-8.867859
-8.867908
-8.867931
-8.867788
-8.867923
-8.867840
-8.867828
