-12.878661
-13.181731
-6.052300
-7.988503
-12.701888
-13.397696
-14.724395
-11.571647
-11.804931
-10.126868
-17.718069
-15.313529
-12.545455
-14.080550
-16.046629
-17.229391
-9.482896
-12.623946
-10.187972
-10.093444
-7.260724
-5.283994
-8.187253
-14.443221
-14.980124
-14.589141
-11.710479
-14.155913
-9.391004
-12.161704
-12.772513
-15.073279
-11.399077
-11.035407
-13.965270
-16.351271
-15.174972
-17.173872
-12.545287
-8.997075
-18.809408
-14.740462
-16.541563
-13.512389
-15.498206
-19.004911
-13.947959
-9.919068
-12.994040
-9.250272
-10.362403
-11.831313
-11.429183
-12.034698
-13.368308
-12.669768
-12.505233
-14.872016
-12.023658
-13.680007
-10.586562
-10.776084
-10.686362
-6.272511
-8.957379
-9.792783
-9.114869
-7.808412
-10.858848
-11.150634
-9.986098
-12.445083
-12.725150
-10.319526
-6.865895
-10.296439
-7.983983
-11.597045
-8.281964
-10.344916
-11.553329
-9.567315
-10.257583
-11.830810
-12.441993
9.190576
13.620107
14.120542
15.543113
18.185144
18.579641
17.703522
19.461164
19.517275
15.918118
17.256605
14.919450
13.529544
12.712707
16.119665
17.808861
17.766914
16.760622
18.274931
15.925735
17.468500
15.735515
16.089415
13.937192
0.630763
5.897449
5.466140
6.205314
5.989631
4.429622
6.365169
4.948791
4.009013
-1.339089
2.443282
-5.103578
4.774886
8.455207
8.546403
10.840177
9.939816
10.691463
10.674958
10.294618
9.042010
9.121617
0.412139
-6.297349
-15.879203
-15.291968
-9.495122
-11.165870
-12.651305
-10.557891
-11.602256
-0.425702
-7.975957
-7.682965
-6.263421
-8.185212
-5.320134
-9.989867
-10.650191
-8.618619
-8.852105
-12.723861
-9.896909
-7.109845
-7.339192
-8.323552
-8.715364
-6.989991
-11.046653
-7.440095
-2.259351
-2.387593
-4.087171
-1.213761
0.881206
0.119285
0.884452
2.329524
1.564689
-0.120808
6.108027
6.710570
4.462314
3.203265
4.841796
4.605300
1.168246
-8.484048
-10.154876
-13.754691
-14.715858
-10.384505
-12.793860
2.928806
0.517921
7.298022
10.703258
12.544105
13.397477
14.270095
13.999019
11.274590
10.937688
3.399669
5.973495
4.858085
7.373256
4.275580
2.866943
1.490806
3.510879
1.052306
3.119273
1.785583
1.091594
3.847511
8.404777
5.839660
5.490996
7.565227
8.066098
7.111938
5.731578
-4.448682
-6.008264
-3.049866
5.363650
1.792888
-11.978477
-12.168616
-11.390639
-14.123931
-14.292335
-4.563413
2.406345
2.310497
7.555491
6.888457
5.290084
2.708694
2.702174
3.455856
3.866184
-0.413850
0.106822
-0.431622
-3.575036
-4.431104
2.270953
-0.400227
-1.582078
-1.124722
-1.778230
-1.750737
-0.498658
-3.042996
-5.533486
-6.785714
-12.116813
-11.933860
-8.188142
-6.593957
-12.158294
-7.665647
-12.272155
-13.703635
-14.054671
-11.756660
-9.782495
-14.355567
-12.015639
-14.974242
-16.473310
-15.430350
-16.582418
-13.709266
-9.108399
-10.196113
-9.471162
-17.580847
-14.564536
-12.197127
-10.248542
-9.800138
-5.059365
-8.851964
-12.793998
-12.030440
-12.585517
-13.546546
-9.561780
-6.571595
-8.880204
-15.956161
-17.133215
-14.621497
-15.613120
-9.288404
-12.037276
-10.874663
-11.349021
-12.857848
-8.513032
-5.490846
-6.495259
-3.442197
-5.244046
-5.016980
-2.440297
-7.451200
-12.957740
-15.448821
-12.257094
-11.099181
-7.527070
-10.061790
-16.668303
-11.483382
-7.303372
-18.398573
-11.269675
-6.818032
-9.992751
-19.037268
-18.365934
-11.531608
-4.249722
-1.048825
-9.000291
-9.026437
-13.728477
-16.647848
-8.732190
-14.069335
-19.627546
-6.160829
-6.739182
-8.061360
-6.998631
-5.118806
-2.428273
-0.735410
3.545951
3.137199
5.843055
4.798942
3.885661
7.013194
4.173358
-1.967751
-3.465409
-4.366242
-5.140382
-9.603265
-8.985768
-14.264785
-8.802232
-10.638274
-7.783391
-11.848540
-9.803895
-13.837523
-15.658057
-12.943557
-11.042869
-13.866218
-14.729102
-12.316215
-11.712409
-14.196105
-12.178817
-12.337661
-12.850242
-12.560523
-14.660888
-14.378684
-16.607199
-11.176734
-3.326535
-3.267079
5.102084
7.989486
9.277490
10.206656
10.771062
9.908433
4.510142
6.435615
8.928819
10.077880
10.780400
11.017558
7.533080
10.669309
11.414226
7.559310
6.997188
5.295966
-1.486665
-2.557725
0.378547
0.845813
-2.480767
-4.103623
-0.487302
4.135100
6.333789
7.244838
10.681939
8.872273
9.045491
10.911592
6.147067
3.988132
-2.567292
-5.030278
-2.371228
-3.617802
-4.597253
-6.612737
-11.715362
-11.196113
2.663642
1.152320
3.859592
8.378839
7.795619
9.710252
5.874240
5.060645
7.694091
5.271018
3.676074
1.745288
4.960151
8.771821
7.881579
9.874848
7.517028
8.186793
7.131579
3.472862
-1.239663
-10.957603
-11.903838
-6.065446
2.900810
7.375266
7.663398
8.185176
7.016406
3.454456
0.408267
2.010974
4.184775
7.310824
8.784669
8.263936
6.781455
4.584865
3.253581
1.590537
-2.670876
-3.282315
-4.040334
-6.594098
-7.459264
-11.534820
-11.966369
-7.723393
-6.690419
-4.559522
-7.923001
-11.986175
-9.745358
-11.937812
-10.349219
-11.314651
-13.874106
-10.438628
-12.444251
-11.435248
-15.137969
-11.420783
-17.965864
-17.419294
-13.537749
-15.078712
-12.644240
-14.495360
-13.676818
-16.000036
-14.862296
-17.812948
-15.266196
-14.929252
-13.571059
-16.622160
-16.077864
-14.350692
-14.725654
-16.780577
-16.995451
-11.651374
-14.821921
-12.190291
-16.145041
-17.020933
-15.062011
-16.841528
-13.054801
-14.729598
-18.936087
-14.315177
-16.289183
-8.656583
-13.898505
-17.395109
-8.102899
-11.744498
-11.067779
-15.501006
-12.405128
-6.416703
-15.035583
-13.016662
-15.820975
-16.879179
-14.090613
-11.894202
-6.810491
-9.119485
-7.276719
-8.977387
-6.723161
-7.559495
-9.055909
-11.233008
-12.238791
-14.268600
-14.785872
-10.297835
-7.560636
-13.085769
-9.825440
-11.489661
-11.146323
-15.334945
-11.867553
-5.001424
-7.002397
-6.191701
-6.207444
-6.587045
-4.824334
-4.964490
-13.413413
-9.254804
-8.221242
-6.265038
-11.267234
-10.289428
-13.312118
-13.597732
-10.591025
-11.610450
-10.451087
-9.901650
-13.752822
-10.390807
-8.353131
-12.810393
-14.146186
-10.748458
-9.786813
-7.853024
-4.701936
-5.486650
-5.179547
-8.045640
-8.514943
-8.671479
-5.054250
-6.653714
-8.116757
-11.403571
-11.542319
-5.331880
-5.132722
-7.761750
-10.026786
-7.660748
-8.753179
-8.434037
-12.867911
-13.258246
-16.712835
-16.633413
-11.931190
-13.652030
-16.638479
-16.759268
-11.891372
-10.416366
-11.778205
-11.022170
-9.259282
-7.945840
-10.636802
-10.757255
-8.875718
-9.300721
-5.688104
-8.922414
-13.170905
-12.732673
-9.020799
-12.789954
-9.110436
-7.284566
-5.585717
-6.098275
-5.475678
-10.047637
-10.961898
-9.896581
-11.150718
-14.136550
-9.583619
-8.675351
-9.463368
-10.308524
-7.811845
-6.969598
-6.618379
-6.526444
-7.619214
-5.761544
-6.057866
-7.634248
-11.507201
-9.232617
-12.532317
-8.474820
-6.525113
-9.750367
-11.964652
-8.132073
-10.590652
-11.064055
-6.746358
-8.385747
-10.598449
-13.464530
-12.431632
-12.436675
-13.319823
-10.800147
-12.794471
-12.455642
-12.021560
-10.292403
-13.406478
-14.132003
-10.668418
-11.552680
-11.705840
-12.621276
-10.982223
-11.931823
-11.205947
-12.529395
-10.609679
-12.278045
-11.654639
-11.487578
-12.120353
-11.184638
-12.428344
-13.779914
-12.604491
-12.318328
-12.619216
-11.025558
-9.974463
-10.187179
-9.580720
-10.175559
-11.116584
-9.566670
-13.635192
-13.620872
-14.814368
-11.924384
-11.949843
-11.011786
-15.037925
-10.955703
-14.322997
-12.093642
-14.414123
-13.379088
-14.282119
-10.601043
-12.992560
-12.539107
-13.719634
-13.379066
-16.247580
-13.641738
-14.339286
-14.680045
-17.600706
-13.254142
-19.257681
-15.053527
-8.732900
-12.736793
-10.493430
-16.418974
-15.879333
-16.145666
-11.219657
-10.968986
-13.813918
-17.849478
-15.279860
-15.127997
-13.538466
-16.499899
-17.425581
-13.155250
-13.769485
-11.173324
-14.615897
-13.216460
-12.751410
-12.838508
-11.659583
-14.002036
-12.535491
-14.145057
-11.403411
-10.872893
-15.890601
-12.184737
-14.176688
-15.001060
-18.593878
-13.313933
-17.747038
-18.484480
-16.845694
-17.405706
-11.629195
-16.520880
-16.635756
-17.062483
-17.793631
-9.115037
-10.044845
-9.604779
-13.703429
-11.521255
-14.957824
-14.964934
-16.488523
-11.616103
-12.443122
-9.502137
-16.600645
-16.509565
-14.069190
-15.685096
-12.771636
-17.199888
-16.353071
-14.097762
-12.612151
-10.855147
-8.488118
-13.167998
-15.982772
-18.604071
-17.602522
-15.244712
-10.752814
-8.374772
-9.566903
-14.087234
-15.648940
-12.895156
-10.104766
-12.846190
-15.706405
-14.442245
-11.767928
-14.221229
-17.876493
-13.594115
-15.537345
-13.143821
-14.820815
-13.592582
-16.010656
-11.058257
-11.742034
-8.766473
-18.079641
-17.255171
-11.441108
-12.044806
-17.003004
-16.359793
-14.720725
-13.498763
-13.162787
-14.790130
-12.540816
-15.406432
-18.252455
-15.541991
-15.757354
-12.078582
-13.370131
-18.136442
-10.250846
-15.232642
-9.548886
0.819003
2.710174
4.950648
7.038497
6.869193
6.646861
7.001918
8.268352
8.092343
7.560454
8.432441
12.067626
10.225175
13.093888
13.111026
12.438750
13.225110
13.054553
12.467341
13.094447
12.325347
13.157378
-3.203030
-3.848092
11.196416
13.856273
13.293508
13.571197
13.643754
12.289779
11.476583
11.036969
8.695283
-3.158097
1.224097
2.276771
2.285484
4.006846
3.758498
2.767177
4.549567
2.574367
2.155231
-3.145520
-7.133546
-10.969947
-11.467628
-11.637748
-14.989417
-15.434112
-14.318671
-15.003875
-13.872397
-5.780576
3.294322
5.990722
5.258513
7.866744
6.362853
4.755191
0.631522
-0.945313
-3.646901
-3.455342
-7.814137
-10.105048
-11.349982
-8.888730
0.933196
-3.249127
-5.185895
-2.733380
-5.369649
-1.743207
0.372588
1.800170
1.734740
-0.655846
-1.134992
-1.784371
-0.980035
7.025691
0.386886
8.806170
9.078885
9.167367
9.363471
8.481175
7.415362
6.221160
5.019485
4.255607
3.878818
4.641299
4.504840
1.456279
4.666553
3.100177
2.962032
2.280887
2.013858
0.333804
-1.994202
-0.962487
-3.539342
-4.780210
-6.863660
-5.164315
3.111858
7.834109
11.951539
11.513978
14.980472
14.972894
11.921231
11.648047
13.394061
12.962617
11.600854
11.083631
10.102853
7.752608
6.126472
10.565946
14.393697
13.529122
11.262893
13.177714
13.142303
10.900022
10.799333
12.822236
11.946630
0.595302
-6.111856
-1.374387
7.329402
1.815372
-6.966470
0.799895
4.523696
1.564387
0.557674
-0.847669
0.649871
-0.125039
1.169719
-0.657979
1.466804
1.462833
-1.393861
3.016254
-1.077927
-0.966386
-2.866479
2.029861
6.835189
8.041160
6.757972
6.003116
6.076884
-3.622773
-9.094502
-13.254081
-13.454574
-13.782760
-13.983504
-11.611617
-12.819434
-12.761817
-13.281707
-12.279143
0.094978
8.543256
6.476363
7.082221
10.128118
10.477820
7.996936
6.060000
5.897349
5.502776
2.764758
0.965568
-1.136327
1.186816
3.217216
3.842067
6.492576
8.095353
5.753978
4.798949
6.550593
7.829261
6.750628
5.930804
4.656188
3.689998
-7.888394
-13.218558
-12.768813
-15.632697
-15.015471
-8.136212
-14.407424
-16.084555
-16.183645
-10.190406
-11.377112
-13.829337
-11.782790
-14.518111
-13.560424
-11.978675
-12.899520
-11.552375
-11.862334
-11.917533
-12.335814
-13.784179
-13.405044
-16.507864
-15.713614
-12.624129
-10.560088
-13.835341
-12.184577
-15.195960
-15.179389
-14.031249
-14.425513
-14.687850
-14.769553
-11.090262
-10.605033
-14.217292
-15.025207
-16.356512
-17.213545
-11.436530
-9.460748
-10.405532
-12.036338
-14.318954
-11.769446
-10.339599
-14.060554
-12.981391
-13.426513
-11.062583
-8.834878
-15.739577
-16.427481
-15.136954
-13.352225
-15.277503
-11.245086
-9.106069
-13.427413
-10.583449
-12.163596
-7.849729
-9.060258
-12.873130
-10.175765
-12.312781
-14.761649
-15.113685
-15.320457
-13.791717
-12.958816
-14.088454
-7.955834
-11.672126
-8.092492
-11.959044
-14.589355
-10.778052
-10.097022
-10.500365
-12.808509
-12.553382
-13.500220
-11.833838
-13.927871
-14.364486
-11.190383
-13.254081
-15.459334
-14.293738
-11.900107
-15.147170
-12.858626
-14.682631
-16.883718
-15.140632
-13.883216
-12.819274
-3.505864
-4.631711
2.149253
10.733396
10.718680
11.701379
9.821830
6.107196
5.690860
3.726981
4.221377
4.467849
2.129646
-1.594670
-4.794793
-2.869828
0.150973
0.463046
-0.961034
0.762626
3.732703
1.642062
0.424480
1.893001
-1.026116
2.492618
3.570937
11.591018
10.557895
10.289981
7.567985
-2.963925
-9.421540
-10.438849
-14.228675
-12.031714
-11.915885
-16.832403
-15.141555
-16.029554
-16.239798
-16.569479
-12.678649
-10.135795
-10.676177
-1.764050
2.835468
5.506087
5.794116
4.748023
5.450053
5.488574
7.347308
8.608434
9.183921
11.961722
10.510936
9.811717
9.976214
10.013240
9.438254
9.350482
9.829946
9.999425
9.346396
9.789178
8.596438
8.998881
9.913945
-4.385640
-7.998456
3.460700
1.954311
-1.088818
-6.827977
-5.481999
-7.246247
-6.847287
-3.926686
-12.307662
-9.851354
-6.271375
-5.365819
-2.425156
-6.294850
-7.995324
-8.088452
-10.021300
-11.387580
-11.005797
-11.523139
-13.630073
-16.511412
-15.407241
-15.340590
-11.884223
-12.030723
-14.682075
-13.716521
6.660041
10.647698
7.910995
9.067916
9.521300
10.015021
8.008582
4.011516
-3.390363
-4.983525
-9.774484
-10.926368
-11.986762
-13.073096
-8.374162
-2.706582
4.498496
6.396823
6.068511
7.765319
7.684428
4.299682
-7.659589
-8.676198
-11.668067
-17.074766
-13.448791
-14.103393
-4.063958
-6.296208
-8.077718
-5.994885
-6.893769
-7.932427
-5.011609
-5.188531
-4.700082
0.003013
-1.336114
-0.229237
0.535823
-2.264451
-2.262212
-5.569764
-5.300191
0.212546
6.536002
5.361739
5.526393
5.998473
3.576289
1.862769
1.767776
0.502433
-0.713464
1.179156
3.144138
1.187060
-1.813115
-0.866177
1.777721
-0.479108
-3.749532
-4.750340
-8.877053
-5.378800
-15.104949
-16.290373
-16.693518
-13.402221
-10.521468
-11.679549
-17.467176
-13.555243
-17.537596
-14.461844
-1.543740
6.342067
5.408996
4.558433
3.696849
1.170436
4.155391
3.235381
2.511886
0.506469
0.350303
1.154479
0.230601
-1.058560
-1.889794
0.732577
0.924705
1.647243
3.431297
4.300292
4.157138
0.833091
-10.962562
-9.824864
-9.335954
-12.557525
-9.752149
-9.622338
-17.757627
-15.542350
-17.776602
-13.002402
-14.692389
-11.139991
-5.633458
-12.913680
-8.057557
-15.257758
-13.763564
-12.113959
-12.277305
-9.811139
-11.894820
-14.549857
-13.355315
-15.056838
-15.443496
-13.945838
-5.931718
-6.916333
-5.096021
-7.054440
-8.404691
-16.265898
-5.958974
-7.619325
-13.556190
-12.560851
-14.943191
-17.274717
-16.650145
-16.964155
-10.553550
-13.349891
-13.564811
-16.887403
-9.777566
-9.389428
-15.110511
-12.950789
-13.744422
-10.914481
-11.045043
-14.552840
-15.028647
-16.177084
-13.443572
-6.030492
-9.632543
-7.559754
-12.897590
-4.701192
-8.917916
-6.627038
-6.759213
-17.571127
-13.455947
-13.981605
-6.798276
-7.161370
-10.461135
-13.307738
-10.147246
-6.809934
-17.682631
-15.313979
-14.331260
-8.655702
-6.802243
-13.731643
-15.495605
-10.910552
-10.574340
-14.159690
-15.149665
-13.205955
-15.588675
-11.254592
-9.321355
-7.871602
-17.280996
-18.576292
-15.115226
-11.786857
-11.125426
-13.813743
-13.796973
-11.127524
-10.238769
-14.435691
-16.525671
-16.048353
-9.737924
-12.778502
-14.717673
-9.713281
-9.354875
-17.121229
-16.744574
-12.581588
-16.051504
-15.091498
-13.826423
-11.521674
-17.219160
-5.899480
-5.782086
-5.494496
0.137687
-0.136971
0.330245
6.510703
6.221366
4.113765
10.395673
7.785285
6.639949
10.133233
5.885833
5.727576
8.363427
6.453189
0.884658
-0.391541
-3.486256
-2.793835
-2.001500
-0.747285
-2.232011
-3.921445
-5.568463
-1.481236
-0.085057
3.563010
5.481517
9.495475
7.516673
8.436563
10.792701
7.826182
11.846467
9.348765
12.209767
7.627814
8.306346
8.252959
7.725589
7.846805
-1.353577
-2.036736
6.369674
7.793311
9.001225
8.568528
8.835401
9.736016
9.808114
9.607228
9.292483
8.287688
7.876441
6.712756
5.674605
4.125945
2.419700
-0.102059
3.384967
2.130138
3.310928
1.220241
-0.925221
0.005557
-9.391217
-7.738366
-8.598191
-9.890462
-14.080321
-12.103438
-5.335706
-0.727101
-0.439034
0.411887
1.453010
1.954784
1.788200
1.903796
2.039966
2.827472
0.858768
1.489959
-0.294808
-1.288857
-0.469083
2.254989
1.566272
-0.528413
-2.612786
0.454337
0.538203
-4.054517
10.985583
7.273322
7.290355
6.956141
7.670489
7.504916
1.347850
-6.233377
-9.385472
-9.441930
-9.156648
-8.028825
1.230762
5.655135
6.593921
5.229827
3.798496
1.969020
-0.635480
-0.092416
2.612323
0.886901
-2.432667
2.237006
7.174232
6.108294
10.614402
12.882508
10.321198
1.954162
-2.629128
-8.818048
-11.359382
-10.848823
-11.005591
3.884433
10.212865
9.255509
8.972892
10.606727
10.910207
12.206405
11.936307
12.074021
11.938872
13.007453
13.282920
12.761928
11.396773
10.233945
8.237906
1.108127
-0.328889
-0.921361
-1.575280
-2.113290
-3.800812
-3.674466
-5.392407
-6.910535
-2.849145
1.166885
-1.718255
-6.278909
-8.837033
-13.483665
-11.902892
-11.081107
-10.918426
-8.984990
-7.920438
-9.434789
-10.648574
-9.136922
-13.203765
-13.563308
-15.802924
-15.663024
-11.073295
-16.355299
-14.906081
-13.954566
-13.304572
-12.319694
-14.595527
-14.712844
-16.586637
-14.293944
-12.957007
-13.573730
-11.480613
-13.409842
-12.269736
-13.053855
-13.226287
-12.951674
-14.748458
-12.915893
-11.995231
-15.107451
-11.964355
-9.757611
-8.184831
-11.535079
-11.956359
-17.790022
-15.040954
-9.859689
-6.151998
12.136088
-0.593713
0.546920
1.915362
4.945193
5.078906
-2.245431
8.713595
7.461150
7.897571
6.384200
-4.105542
-9.684087
-10.869636
-4.957452
15.559508
10.201329
13.966662
10.934922
12.305007
11.357980
9.974238
9.029424
1.796149
3.010040
1.578342
2.345466
3.466480
0.151138
0.710609
0.166442
-0.565686
3.766246
7.760154
8.959788
8.619170
8.927213
9.188479
10.042912
10.615956
11.700179
11.261249
5.021705
8.316333
3.749892
2.014995
2.810874
-0.848988
-2.205220
0.483421
0.663299
-3.650769
-3.208527
8.651696
10.198697
8.530089
7.645911
7.875552
7.085364
7.190387
7.677806
7.953315
6.575625
5.708724
7.401996
10.897885
12.837901
9.008296
8.958529
10.557540
11.262021
10.390174
10.915410
11.130189
11.148547
11.030314
4.752231
-5.498597
-0.458894
4.102721
5.313876
5.158248
4.710460
4.746261
6.400561
8.747476
7.357635
5.600116
5.717463
3.597541
1.507209
0.361449
-0.676499
1.269202
3.035712
5.116942
7.806251
7.827891
8.922982
3.957774
-0.353494
-2.025746
1.467830
1.983256
5.683784
5.002021
6.946662
5.489379
6.078750
7.196406
6.616138
5.636863
-9.841794
-11.075522
-10.709708
-13.775786
-10.975310
-3.717854
8.575694
11.609069
7.942943
8.806405
7.746547
6.154780
7.930034
5.194613
7.265113
4.742381
6.945865
4.756652
6.831409
4.198470
6.552489
1.396594
1.351928
-0.613969
-2.220532
1.110053
0.616206
-5.001454
-2.435849
-1.878194
-2.460103
-5.001779
-3.475922
-2.360879
-3.027329
-5.380181
-7.789422
-2.170972
-1.927125
-0.906163
-2.275246
-5.176705
-10.324485
-8.395291
-8.316781
-9.814321
-11.700683
-10.957740
-10.699088
-14.626151
-12.134162
-11.046874
-5.337804
5.980636
8.370557
7.059360
7.101039
8.934752
3.313430
-1.846589
2.707855
2.878806
4.137790
1.981052
4.164458
7.375941
7.235679
7.317687
7.008639
6.722388
7.654796
5.361030
3.542442
-2.055333
-1.065740
-2.282284
-7.599210
-12.185424
-8.289479
-2.698109
1.698615
1.237628
0.028274
5.443812
5.943503
5.918933
8.581208
7.528174
4.841941
0.602603
-3.699010
-5.263589
-6.413873
-10.417274
-13.589263
-0.210927
4.050353
4.433536
2.300281
5.363627
9.325831
9.934680
10.836101
8.714734
7.974193
9.069352
8.724357
2.051273
1.756759
6.316203
14.960336
16.740997
15.051717
11.650973
10.684756
10.197949
11.117723
9.306497
-0.867528
-4.474164
-2.768143
2.335315
7.171603
10.676059
11.524896
12.238528
12.461219
12.240212
11.238849
10.516397
7.914966
5.334147
3.213508
2.486541
2.683368
0.541125
-1.845170
-1.959519
-0.458428
-5.334580
-2.973008
-6.491742
-4.612889
-4.426286
-12.183219
-8.638799
-10.471450
-10.361175
-12.872626
-14.481994
-14.194297
-11.554511
-15.501449
-12.686843
-12.564544
-9.335908
-11.169860
-12.297652
-13.025367
-16.024885
-15.463737
-15.527564
-14.603736
-14.109565
-13.800475
-15.009933
-13.788566
-8.959794
-8.790929
-10.635505
-11.941131
-10.924796
-6.602235
-10.098327
-8.538041
-11.991569
-15.858054
-10.249061
-10.503608
-7.201028
-1.427697
3.021053
6.920520
8.640262
8.997308
8.723260
8.786773
9.867633
10.645526
9.500775
10.160951
6.058356
-0.464368
1.593303
-2.659512
-0.545491
0.330909
0.330806
5.899810
6.486793
6.478358
5.538733
6.870543
6.098544
0.399623
-8.175294
-11.624625
-9.770154
-9.578374
-13.162910
-11.240737
-9.444924
-9.206475
9.533874
10.024795
10.427165
11.064282
9.981198
11.769511
13.251399
12.257281
13.226333
14.390407
13.866101
12.504457
11.917010
12.687879
12.940724
11.502748
10.589166
10.882783
11.742291
13.021209
12.330319
10.793841
9.404866
8.230086
7.362899
7.694850
7.226142
7.793475
7.818809
7.509051
7.159793
7.387698
7.046046
6.654895
6.163203
6.942237
3.418353
-4.507565
-3.837453
-7.136350
-4.001985
-11.012359
-7.889405
-6.959702
-9.974341
-10.126243
-8.788354
-2.128869
0.918849
6.525699
8.553908
10.207702
12.201444
11.036164
10.456498
9.061336
4.866969
0.190597
-5.857701
-7.611913
-4.728597
-11.425651
-2.178628
4.934001
8.795190
10.857423
10.109015
9.786326
9.348910
8.681659
8.025817
6.746520
1.349376
-0.158368
-0.053342
-1.032231
-4.517468
-6.014504
-2.780251
0.009414
2.705486
1.864184
7.901137
11.664561
10.127942
12.851151
10.033622
3.878043
5.495006
5.627948
5.421306
1.453326
-1.550195
-1.135842
-0.398511
0.474387
3.372680
0.113128
-3.882878
-4.173894
-4.952279
-3.429887
-2.242860
-4.226026
-3.763425
-3.590615
-1.087235
0.087363
1.468722
0.614505
-1.950101
-2.685788
-6.267873
-5.657537
-9.712613
-12.045943
-14.612189
-11.304221
-12.290221
-11.361571
-8.919488
-7.419412
-11.503707
-11.008353
-10.530746
-9.540021
-15.473083
-9.051591
-9.716825
-14.224914
-9.367814
-9.940087
-13.760077
-11.216613
-13.536788
-12.251784
-11.825629
-14.123488
-10.268569
-13.361373
-14.212066
-10.858214
-10.565597
-7.562852
-3.930047
-3.260735
-1.768590
-2.584584
-5.342679
-8.698297
-14.544005
-12.813277
-11.290137
-13.572082
-10.815436
-0.918633
1.203872
1.498019
-2.282830
-2.917550
-8.027276
-9.814427
-11.318419
-12.413634
-9.772428
-9.387643
-8.370465
-9.760758
-5.610120
-5.371652
-3.533334
-3.356080
-4.806119
-5.700448
-7.555669
-9.107945
-7.548940
-10.016868
-7.904656
-9.469346
-10.107879
-14.915420
-12.814490
-12.167892
-12.785560
-13.324821
-9.139291
-12.206359
-12.837623
-12.942870
-11.949149
-16.387846
-10.710814
-12.187163
-15.806251
-12.771285
-9.006719
-10.041862
-14.714713
-13.000518
-14.529967
-14.341422
-11.889258
-16.592405
-12.801261
-16.965353
-14.525710
-10.342269
-10.460425
-12.574729
-8.637841
-14.646979
-13.748458
-7.881337
1.131351
6.253974
4.524264
6.819381
-3.094529
8.088868
-3.943101
4.560893
-1.802331
-3.309754
-1.433118
-5.772359
2.154895
-5.996305
-2.962167
-3.548211
-15.350066
-9.497190
-13.307075
-6.735681
-15.226356
-15.195472
-16.089636
-16.099348
-9.522416
-11.608542
-16.289213
-11.873107
-12.084411
-14.334991
-12.120399
-10.396148
-10.874190
-12.488273
-9.127114
-11.497603
-12.307265
-12.704444
-13.881309
-16.088736
-10.384467
-12.828185
-14.929198
-12.248527
-13.297797
-16.209341
-13.584403
-12.140403
-17.843115
-14.448264
-10.612975
-9.913190
-13.046134
-13.220801
-14.170562
-14.507659
-14.264510
-11.639388
-14.893218
-15.637015
-15.376708
-14.461020
-3.325528
-6.998277
1.405242
-7.257810
-3.376340
-12.489806
-13.226836
-15.760451
-6.482610
-8.087102
-7.462037
-2.573106
-8.422772
-9.141736
-15.086059
-20.296087
-17.454519
-12.908805
-11.036292
-13.964408
-18.232954
-10.468009
-10.727355
-14.563682
-7.830159
-13.687423
-15.749984
-20.372564
-13.300590
-17.004057
-15.969527
-13.540961
-15.062201
-17.879553
-17.574530
-13.562171
-14.063964
-17.048300
-15.115447
-14.716743
-15.086287
-16.011831
-13.102080
-11.187812
-16.399054
-16.039808
-12.479323
-18.404051
-15.159919
-19.261206
-16.435568
-11.345862
-14.735686
-14.006309
-16.888975
-16.338865
-11.072883
-15.978469
-15.853240
-12.727515
-14.336265
-15.048278
-14.369460
-10.726661
-14.056098
-7.320767
-13.685767
-10.908652
-11.918090
-12.546126
-13.729857
-13.474723
-12.568465
-16.040022
-15.984084
-16.223082
-14.565490
-16.133360
-18.600180
-14.826751
-15.618155
-12.529128
-13.247306
-16.282179
-12.276893
-12.799521
-15.162169
-15.917197
-15.207801
-16.887098
-14.533675
-14.955199
-14.463958
-14.565360
-13.356559
-15.733687
-11.987006
-13.538756
-14.987937
-13.848792
-16.906301
-13.217925
-8.177541
-9.434312
-10.250747
-9.919785
-13.451438
-9.508374
-9.791982
-12.488982
-8.912583
-13.963607
-13.592895
-12.212485
-17.213476
-17.471670
-14.757255
-18.114965
-14.830573
-14.137107
-12.056701
-10.059478
-9.952752
-6.582200
-9.834634
-12.187896
-14.333732
-15.618735
-12.602332
-12.723205
-11.639190
-11.949241
-11.984656
-10.378196
-10.022704
-12.250190
-15.559920
-15.780486
-12.079200
-12.434310
-14.253760
-10.163939
-12.059920
-13.432868
-12.098365
-15.013602
-13.746207
-11.388419
-13.064094
-11.135093
-13.119514
-11.744964
-13.389396
-8.802426
-6.085485
-7.805367
-10.214705
-10.371894
-17.843466
-16.072058
-14.457519
-10.062339
-11.808722
-11.576522
-17.805365
-18.694983
-11.885123
-14.888663
-10.401275
-13.102706
-12.805907
-15.883697
-13.143889
-15.807303
-13.628295
-17.630575
-12.304870
-10.636344
-12.267676
-15.951461
-18.356855
-16.004019
-10.287452
-8.955285
-10.903197
-12.117820
-15.625068
-15.940154
-14.234801
-10.346366
-12.715011
-9.983191
-17.503790
-18.677137
-10.438094
-15.490607
-11.881667
-12.635940
-14.234931
-16.636236
-13.794776
-14.818671
-18.648848
-17.278700
-17.819700
-14.142371
-17.569540
-12.763389
-12.908683
-15.342917
-12.101653
-14.351073
-10.870086
-17.639189
-17.523283
-18.841650
-15.151069
-14.726020
-17.355284
-13.749373
-17.601690
-15.685920
-14.323203
-12.284514
-15.999297
-16.606665
-15.303054
-11.219802
-12.003173
-11.635200
-11.801436
-19.112997
-13.207168
-11.730681
-11.367743
-11.262099
-12.938506
-11.956023
-12.323333
-13.650146
-14.902610
-14.334479
-11.461547
-11.374450
-16.127722
-16.302992
-15.133018
