0.094340
0.069182
0.003145
0.000000
0.056604
0.081761
0.103774
0.059748
0.091195
0.031447
0.110063
0.094340
0.059748
0.047170
0.094340
0.106918
0.015723
0.044025
0.025157
0.006289
0.000000
0.000000
0.018868
0.072327
0.066038
0.078616
0.034591
0.106918
0.003145
0.031447
0.088050
0.062893
0.028302
0.028302
0.088050
0.075472
0.119497
0.081761
0.047170
0.006289
0.103774
0.075472
0.100629
0.040881
0.050314
0.078616
0.066038
0.040881
0.034591
0.025157
0.018868
0.072327
0.056604
0.069182
0.081761
0.084906
0.097484
0.078616
0.075472
0.078616
0.069182
0.053459
0.050314
0.031447
0.050314
0.059748
0.056604
0.059748
0.066038
0.053459
0.059748
0.081761
0.037736
0.072327
0.053459
0.091195
0.047170
0.062893
0.075472
0.059748
0.059748
0.050314
0.047170
0.053459
0.091195
0.037736
0.037736
0.044025
0.040881
0.040881
0.040881
0.053459
0.044025
0.040881
0.047170
0.044025
0.025157
0.034591
0.031447
0.044025
0.047170
0.047170
0.050314
0.050314
0.047170
0.050314
0.047170
0.056604
0.053459
0.031447
0.031447
0.031447
0.018868
0.018868
0.028302
0.018868
0.015723
0.015723
0.025157
0.015723
0.012579
0.050314
0.040881
0.075472
0.078616
0.088050
0.088050
0.100629
0.094340
0.094340
0.116352
0.110063
0.103774
0.056604
0.084906
0.047170
0.056604
0.047170
0.047170
0.069182
0.110063
0.094340
0.066038
0.053459
0.018868
0.018868
0.040881
0.034591
0.034591
0.025157
0.072327
0.069182
0.050314
0.044025
0.044025
0.053459
0.028302
0.040881
0.034591
0.037736
0.015723
0.022013
0.015723
0.015723
0.015723
0.037736
0.022013
0.015723
0.022013
0.037736
0.031447
0.034591
0.053459
0.047170
0.062893
0.088050
0.075472
0.053459
0.056604
0.078616
0.037736
0.040881
0.144654
0.034591
0.059748
0.047170
0.047170
0.050314
0.072327
0.056604
0.072327
0.056604
0.072327
0.062893
0.056604
0.037736
0.050314
0.025157
0.022013
0.034591
0.022013
0.022013
0.018868
0.015723
0.025157
0.047170
0.050314
0.040881
0.034591
0.044025
0.034591
0.031447
0.050314
0.040881
0.025157
0.025157
0.047170
0.069182
0.047170
0.056604
0.110063
0.113208
0.110063
0.034591
0.025157
0.047170
0.050314
0.066038
0.037736
0.059748
0.047170
0.044025
0.034591
0.025157
0.025157
0.028302
0.031447
0.037736
0.044025
0.037736
0.072327
0.069182
0.069182
0.050314
0.037736
0.025157
0.062893
0.072327
0.053459
0.050314
0.028302
0.056604
0.044025
0.078616
0.094340
0.106918
0.069182
0.053459
0.172956
0.128931
0.182390
0.185535
0.044025
0.066038
0.062893
0.018868
0.037736
0.053459
0.113208
0.072327
0.078616
0.047170
0.025157
0.000000
0.062893
0.113208
0.103774
0.081761
0.091195
0.094340
0.006289
0.015723
0.147799
0.081761
0.056604
0.044025
0.053459
0.091195
0.050314
0.056604
0.084906
0.075472
0.015723
0.000000
0.000000
0.000000
0.000000
0.000000
0.006289
0.040881
0.075472
0.062893
0.018868
0.000000
0.006289
0.072327
0.062893
0.006289
0.084906
0.066038
0.000000
0.044025
0.110063
0.091195
0.037736
0.000000
0.000000
0.000000
0.000000
0.040881
0.110063
0.006289
0.110063
0.163522
0.000000
0.000000
0.000000
0.018868
0.047170
0.053459
0.037736
0.050314
0.047170
0.047170
0.044025
0.056604
0.047170
0.053459
0.059748
0.059748
0.053459
0.062893
0.072327
0.075472
0.116352
0.025157
0.091195
0.059748
0.084906
0.094340
0.144654
0.110063
0.128931
0.072327
0.062893
0.144654
0.116352
0.103774
0.110063
0.103774
0.084906
0.176101
0.100629
0.081761
0.066038
0.066038
0.059748
0.025157
0.044025
0.031447
0.037736
0.037736
0.037736
0.044025
0.053459
0.044025
0.044025
0.028302
0.069182
0.078616
0.053459
0.072327
0.062893
0.053459
0.066038
0.053459
0.034591
0.022013
0.022013
0.034591
0.037736
0.022013
0.040881
0.034591
0.040881
0.040881
0.066038
0.062893
0.062893
0.081761
0.062893
0.088050
0.075472
0.031447
0.009434
0.006289
0.015723
0.009434
0.018868
0.056604
0.103774
0.314465
0.257862
0.050314
0.025157
0.040881
0.034591
0.034591
0.028302
0.034591
0.031447
0.028302
0.022013
0.028302
0.025157
0.050314
0.050314
0.034591
0.044025
0.022013
0.031447
0.056604
0.062893
0.040881
0.056604
0.022013
0.028302
0.044025
0.031447
0.034591
0.040881
0.053459
0.034591
0.031447
0.047170
0.069182
0.056604
0.066038
0.047170
0.044025
0.040881
0.022013
0.028302
0.031447
0.050314
0.047170
0.037736
0.059748
0.031447
0.025157
0.025157
0.062893
0.031447
0.053459
0.040881
0.056604
0.044025
0.053459
0.022013
0.034591
0.025157
0.069182
0.066038
0.147799
0.097484
0.103774
0.072327
0.053459
0.062893
0.069182
0.100629
0.113208
0.110063
0.072327
0.088050
0.056604
0.097484
0.116352
0.125786
0.100629
0.144654
0.103774
0.025157
0.072327
0.053459
0.103774
0.110063
0.066038
0.110063
0.053459
0.037736
0.116352
0.084906
0.088050
0.018868
0.056604
0.157233
0.006289
0.056604
0.040881
0.056604
0.037736
0.000000
0.091195
0.088050
0.106918
0.106918
0.100629
0.056604
0.000000
0.000000
0.040881
0.081761
0.066038
0.047170
0.044025
0.037736
0.059748
0.078616
0.125786
0.062893
0.031447
0.088050
0.075472
0.047170
0.028302
0.066038
0.044025
0.015723
0.040881
0.025157
0.025157
0.012579
0.015723
0.012579
0.066038
0.012579
0.018868
0.009434
0.047170
0.062893
0.075472
0.088050
0.047170
0.044025
0.028302
0.003145
0.050314
0.047170
0.022013
0.056604
0.091195
0.062893
0.040881
0.047170
0.062893
0.044025
0.062893
0.072327
0.062893
0.091195
0.066038
0.044025
0.072327
0.066038
0.075472
0.072327
0.075472
0.047170
0.069182
0.053459
0.050314
0.037736
0.025157
0.059748
0.091195
0.078616
0.053459
0.097484
0.072327
0.091195
0.062893
0.047170
0.056604
0.056604
0.037736
0.050314
0.050314
0.053459
0.044025
0.047170
0.037736
0.062893
0.072327
0.053459
0.094340
0.072327
0.034591
0.031447
0.018868
0.028302
0.025157
0.031447
0.028302
0.018868
0.040881
0.047170
0.044025
0.053459
0.062893
0.075472
0.031447
0.075472
0.034591
0.022013
0.037736
0.025157
0.047170
0.062893
0.059748
0.047170
0.081761
0.031447
0.022013
0.081761
0.069182
0.069182
0.047170
0.050314
0.031447
0.047170
0.037736
0.088050
0.078616
0.084906
0.081761
0.069182
0.078616
0.050314
0.053459
0.037736
0.053459
0.066038
0.066038
0.072327
0.066038
0.066038
0.059748
0.062893
0.044025
0.072327
0.078616
0.075472
0.047170
0.059748
0.084906
0.050314
0.062893
0.075472
0.084906
0.075472
0.062893
0.072327
0.084906
0.062893
0.106918
0.031447
0.034591
0.062893
0.116352
0.069182
0.084906
0.066038
0.044025
0.066038
0.097484
0.081761
0.088050
0.075472
0.056604
0.044025
0.078616
0.088050
0.044025
0.059748
0.062893
0.084906
0.081761
0.072327
0.044025
0.062893
0.113208
0.053459
0.094340
0.069182
0.031447
0.018868
0.040881
0.078616
0.084906
0.056604
0.022013
0.018868
0.059748
0.110063
0.037736
0.072327
0.075472
0.078616
0.066038
0.062893
0.059748
0.040881
0.106918
0.062893
0.062893
0.072327
0.056604
0.097484
0.056604
0.081761
0.031447
0.050314
0.069182
0.050314
0.034591
0.059748
0.106918
0.062893
0.069182
0.094340
0.103774
0.119497
0.028302
0.094340
0.072327
0.091195
0.094340
0.018868
0.018868
0.028302
0.050314
0.069182
0.106918
0.097484
0.088050
0.044025
0.028302
0.000000
0.106918
0.075472
0.078616
0.088050
0.059748
0.106918
0.072327
0.056604
0.053459
0.018868
0.012579
0.062893
0.072327
0.100629
0.091195
0.110063
0.059748
0.006289
0.006289
0.066038
0.097484
0.037736
0.012579
0.100629
0.103774
0.075472
0.031447
0.075472
0.084906
0.062893
0.135220
0.040881
0.056604
0.075472
0.091195
0.025157
0.031447
0.000000
0.050314
0.088050
0.037736
0.040881
0.053459
0.069182
0.091195
0.075472
0.059748
0.059748
0.053459
0.100629
0.119497
0.072327
0.040881
0.047170
0.040881
0.097484
0.031447
0.075472
0.040881
0.022013
0.028302
0.034591
0.034591
0.040881
0.028302
0.022013
0.022013
0.015723
0.015723
0.015723
0.066038
0.031447
0.028302
0.037736
0.025157
0.025157
0.028302
0.025157
0.044025
0.025157
0.056604
0.094340
0.059748
0.062893
0.044025
0.056604
0.056604
0.072327
0.078616
0.072327
0.056604
0.034591
0.012579
0.022013
0.028302
0.018868
0.034591
0.022013
0.018868
0.018868
0.018868
0.018868
0.018868
0.047170
0.037736
0.053459
0.056604
0.050314
0.047170
0.088050
0.081761
0.075472
0.081761
0.040881
0.056604
0.044025
0.075472
0.059748
0.053459
0.018868
0.015723
0.009434
0.018868
0.040881
0.053459
0.078616
0.081761
0.119497
0.201258
0.229560
0.248428
0.276730
0.235849
0.276730
0.261006
0.283019
0.345912
0.352201
0.345912
0.229560
0.072327
0.034591
0.037736
0.034591
0.031447
0.015723
0.015723
0.015723
0.022013
0.018868
0.034591
0.015723
0.025157
0.025157
0.022013
0.025157
0.015723
0.015723
0.025157
0.015723
0.025157
0.034591
0.037736
0.056604
0.062893
0.044025
0.072327
0.081761
0.059748
0.050314
0.037736
0.034591
0.040881
0.037736
0.031447
0.028302
0.034591
0.044025
0.031447
0.022013
0.022013
0.050314
0.047170
0.044025
0.056604
0.059748
0.062893
0.050314
0.062893
0.062893
0.040881
0.040881
0.025157
0.028302
0.040881
0.072327
0.062893
0.128931
0.059748
0.047170
0.207547
0.261006
0.327044
0.336478
0.270440
0.286164
0.371069
0.383648
0.371069
0.371069
0.308176
0.323899
0.254717
0.034591
0.028302
0.034591
0.066038
0.040881
0.040881
0.053459
0.062893
0.053459
0.081761
0.075472
0.094340
0.088050
0.081761
0.084906
0.066038
0.050314
0.100629
0.040881
0.044025
0.031447
0.056604
0.053459
0.037736
0.040881
0.044025
0.044025
0.040881
0.012579
0.028302
0.018868
0.012579
0.022013
0.022013
0.062893
0.062893
0.084906
0.078616
0.081761
0.084906
0.081761
0.069182
0.053459
0.031447
0.062893
0.056604
0.056604
0.091195
0.103774
0.018868
0.100629
0.116352
0.081761
0.066038
0.081761
0.069182
0.179245
0.078616
0.078616
0.047170
0.047170
0.034591
0.072327
0.047170
0.040881
0.031447
0.081761
0.075472
0.116352
0.056604
0.078616
0.053459
0.031447
0.050314
0.056604
0.066038
0.062893
0.047170
0.066038
0.072327
0.034591
0.072327
0.091195
0.081761
0.150943
0.031447
0.034591
0.015723
0.059748
0.044025
0.012579
0.025157
0.084906
0.091195
0.100629
0.044025
0.081761
0.069182
0.166667
0.094340
0.088050
0.056604
0.097484
0.044025
0.110063
0.069182
0.056604
0.062893
0.066038
0.059748
0.050314
0.094340
0.103774
0.125786
0.075472
0.069182
0.062893
0.056604
0.078616
0.066038
0.018868
0.072327
0.119497
0.037736
0.012579
0.022013
0.050314
0.069182
0.053459
0.103774
0.072327
0.088050
0.047170
0.075472
0.088050
0.062893
0.047170
0.075472
0.075472
0.066038
0.122642
0.103774
0.037736
0.069182
0.072327
0.094340
0.047170
0.034591
0.034591
0.022013
0.031447
0.040881
0.040881
0.015723
0.015723
0.025157
0.022013
0.012579
0.037736
0.176101
0.188679
0.267296
0.308176
0.238994
0.229560
0.301887
0.220126
0.223270
0.194969
0.006289
0.040881
0.044025
0.069182
0.075472
0.062893
0.040881
0.028302
0.069182
0.103774
0.062893
0.059748
0.110063
0.069182
0.091195
0.069182
0.113208
0.091195
0.025157
0.031447
0.081761
0.040881
0.018868
0.028302
0.031447
0.028302
0.031447
0.015723
0.022013
0.025157
0.025157
0.025157
0.034591
0.034591
0.066038
0.040881
0.084906
0.072327
0.088050
0.075472
0.059748
0.062893
0.031447
0.037736
0.056604
0.088050
0.059748
0.062893
0.015723
0.025157
0.025157
0.047170
0.015723
0.018868
0.034591
0.056604
0.037736
0.018868
0.028302
0.044025
0.066038
0.025157
0.025157
0.047170
0.037736
0.044025
0.047170
0.084906
0.088050
0.040881
0.018868
0.022013
0.056604
0.040881
0.062893
0.066038
0.053459
0.040881
0.040881
0.050314
0.050314
0.056604
0.022013
0.040881
0.031447
0.056604
0.018868
0.088050
0.081761
0.040881
0.050314
0.047170
0.059748
0.075472
0.084906
0.047170
0.022013
0.031447
0.053459
0.081761
0.062893
0.066038
0.091195
0.141509
0.226415
0.163522
0.194969
0.257862
0.201258
0.289308
0.314465
0.383648
0.364780
0.349057
0.386792
0.342767
0.320755
0.273585
0.116352
0.050314
0.059748
0.078616
0.069182
0.078616
0.088050
0.103774
0.044025
0.015723
0.022013
0.040881
0.022013
0.022013
0.028302
0.015723
0.022013
0.015723
0.028302
0.056604
0.059748
0.053459
0.072327
0.078616
0.059748
0.088050
0.040881
0.028302
0.072327
0.056604
0.091195
0.078616
0.066038
0.053459
0.066038
0.050314
0.053459
0.062893
0.037736
0.047170
0.047170
0.044025
0.053459
0.066038
0.050314
0.050314
0.050314
0.034591
0.078616
0.072327
0.050314
0.025157
0.031447
0.028302
0.044025
0.025157
0.015723
0.047170
0.037736
0.066038
0.116352
0.056604
0.088050
0.078616
0.106918
0.050314
0.286164
0.128931
0.022013
0.100629
0.053459
0.066038
0.088050
0.062893
0.050314
0.088050
0.072327
0.091195
0.066038
0.044025
0.000000
0.012579
0.000000
0.000000
0.031447
0.084906
0.015723
0.018868
0.084906
0.040881
0.075472
0.056604
0.062893
0.062893
0.006289
0.044025
0.078616
0.069182
0.031447
0.025157
0.075472
0.069182
0.047170
0.000000
0.053459
0.040881
0.116352
0.110063
0.081761
0.000000
0.006289
0.000000
0.018868
0.000000
0.000000
0.000000
0.003145
0.091195
0.113208
0.059748
0.047170
0.000000
0.025157
0.034591
0.031447
0.012579
0.100629
0.059748
0.059748
0.012579
0.000000
0.050314
0.078616
0.044025
0.031447
0.072327
0.110063
0.056604
0.072327
0.047170
0.034591
0.028302
0.091195
0.138365
0.056604
0.059748
0.053459
0.088050
0.040881
0.018868
0.012579
0.069182
0.072327
0.062893
0.031447
0.062893
0.037736
0.022013
0.047170
0.084906
0.094340
0.059748
0.072327
0.069182
0.056604
0.075472
0.078616
0.025157
0.006289
0.040881
0.069182
0.047170
0.040881
0.044025
0.056604
0.059748
0.056604
0.040881
0.062893
0.047170
0.040881
0.069182
0.053459
0.053459
0.037736
0.031447
0.025157
0.047170
0.018868
0.031447
0.025157
0.040881
0.028302
0.018868
0.025157
0.034591
0.056604
0.053459
0.050314
0.075472
0.072327
0.059748
0.047170
0.059748
0.037736
0.031447
0.040881
0.044025
0.037736
0.069182
0.059748
0.047170
0.040881
0.053459
0.066038
0.053459
0.047170
0.040881
0.031447
0.044025
0.028302
0.040881
0.037736
0.040881
0.081761
0.110063
0.163522
0.283019
0.367925
0.383648
0.358491
0.402516
0.377358
0.311321
0.273585
0.113208
0.047170
0.050314
0.097484
0.119497
0.069182
0.037736
0.025157
0.028302
0.025157
0.034591
0.044025
0.022013
0.050314
0.025157
0.022013
0.037736
0.100629
0.150943
0.330189
0.352201
0.380503
0.364780
0.301887
0.352201
0.345912
0.229560
0.050314
0.047170
0.037736
0.031447
0.053459
0.044025
0.037736
0.047170
0.050314
0.037736
0.044025
0.044025
0.003145
0.034591
0.025157
0.028302
0.097484
0.097484
0.220126
0.311321
0.323899
0.245283
0.066038
0.034591
0.040881
0.044025
0.040881
0.037736
0.034591
0.037736
0.012579
0.066038
0.072327
0.066038
0.056604
0.037736
0.003145
0.050314
0.053459
0.044025
0.059748
0.059748
0.050314
0.053459
0.075472
0.062893
0.053459
0.050314
0.069182
0.078616
0.053459
0.015723
0.034591
0.018868
0.028302
0.031447
0.053459
0.059748
0.066038
0.040881
0.018868
0.028302
0.028302
0.018868
0.040881
0.069182
0.069182
0.037736
0.037736
0.047170
0.040881
0.053459
0.059748
0.025157
0.066038
0.078616
0.066038
0.066038
0.084906
0.062893
0.103774
0.066038
0.075472
0.081761
0.110063
0.106918
0.150943
0.091195
0.091195
0.056604
0.081761
0.078616
0.084906
0.110063
0.091195
0.069182
0.100629
0.091195
0.066038
0.100629
0.091195
0.031447
0.037736
0.056604
0.056604
0.116352
0.088050
0.034591
0.015723
0.018868
0.330189
0.327044
0.383648
0.389937
0.301887
0.128931
0.050314
0.025157
0.025157
0.018868
0.040881
0.044025
0.031447
0.009434
0.025157
0.028302
0.031447
0.037736
0.031447
0.031447
0.053459
0.018868
0.028302
0.044025
0.022013
0.022013
0.022013
0.022013
0.031447
0.034591
0.040881
0.044025
0.053459
0.040881
0.047170
0.044025
0.050314
0.056604
0.069182
0.094340
0.078616
0.169811
0.135220
0.358491
0.327044
0.289308
0.317610
0.333333
0.349057
0.358491
0.251572
0.050314
0.059748
0.040881
0.053459
0.069182
0.062893
0.066038
0.075472
0.072327
0.059748
0.028302
0.022013
0.028302
0.034591
0.034591
0.034591
0.031447
0.037736
0.044025
0.040881
0.037736
0.031447
0.031447
0.028302
0.066038
0.056604
0.075472
0.040881
0.034591
0.022013
0.028302
0.028302
0.028302
0.028302
0.031447
0.047170
0.047170
0.047170
0.025157
0.116352
0.078616
0.072327
0.034591
0.037736
0.040881
0.040881
0.040881
0.028302
0.015723
0.044025
0.025157
0.069182
0.025157
0.034591
0.044025
0.025157
0.040881
0.022013
0.028302
0.028302
0.075472
0.201258
0.172956
0.257862
0.176101
0.062893
0.028302
0.037736
0.034591
0.040881
0.062893
0.040881
0.053459
0.047170
0.034591
0.053459
0.034591
0.028302
0.022013
0.018868
0.022013
0.018868
0.018868
0.018868
0.022013
0.031447
0.012579
0.025157
0.031447
0.015723
0.012579
0.015723
0.015723
0.022013
0.012579
0.015723
0.037736
0.034591
0.028302
0.028302
0.050314
0.028302
0.034591
0.044025
0.015723
0.047170
0.006289
0.025157
0.056604
0.037736
0.053459
0.097484
0.066038
0.028302
0.031447
0.037736
0.028302
0.040881
0.034591
0.022013
0.047170
0.031447
0.037736
0.059748
0.025157
0.040881
0.050314
0.056604
0.050314
0.031447
0.056604
0.050314
0.059748
0.094340
0.191824
0.317610
0.223270
0.088050
0.031447
0.056604
0.034591
0.012579
0.031447
0.050314
0.047170
0.037736
0.031447
0.047170
0.040881
0.028302
0.062893
0.031447
0.031447
0.066038
0.050314
0.066038
0.025157
0.025157
0.034591
0.044025
0.040881
0.037736
0.040881
0.047170
0.050314
0.034591
0.012579
0.015723
0.015723
0.012579
0.015723
0.009434
0.028302
0.025157
0.059748
0.050314
0.053459
0.040881
0.050314
0.040881
0.028302
0.018868
0.022013
0.040881
0.044025
0.037736
0.059748
0.037736
0.037736
0.040881
0.040881
0.047170
0.047170
0.053459
0.040881
0.037736
0.047170
0.037736
0.040881
0.025157
0.034591
0.044025
0.031447
0.044025
0.069182
0.069182
0.106918
0.056604
0.056604
0.084906
0.110063
0.072327
0.094340
0.094340
0.037736
0.018868
0.047170
0.081761
0.037736
0.100629
0.053459
0.100629
0.084906
0.066038
0.081761
0.047170
0.097484
0.084906
0.034591
0.025157
0.025157
0.025157
0.006289
0.028302
0.053459
0.056604
0.075472
0.091195
0.072327
0.028302
0.047170
0.040881
0.040881
0.037736
0.034591
0.047170
0.044025
0.047170
0.040881
0.044025
0.088050
0.081761
0.081761
0.194969
0.097484
0.047170
0.034591
0.050314
0.037736
0.044025
0.040881
0.047170
0.044025
0.040881
0.050314
0.018868
0.044025
0.066038
0.040881
0.040881
0.081761
0.050314
0.069182
0.047170
0.037736
0.044025
0.037736
0.040881
0.044025
0.050314
0.053459
0.050314
0.050314
0.056604
0.040881
0.044025
0.040881
0.047170
0.056604
0.034591
0.031447
0.044025
0.034591
0.047170
0.066038
0.053459
0.059748
0.053459
0.037736
0.053459
0.069182
0.034591
0.062893
0.053459
0.040881
0.034591
0.047170
0.050314
0.056604
0.025157
0.025157
0.025157
0.047170
0.059748
0.056604
0.075472
0.128931
0.100629
0.050314
0.100629
0.031447
0.028302
0.025157
0.031447
0.037736
0.031447
0.031447
0.037736
0.025157
0.022013
0.056604
0.025157
0.047170
0.059748
0.069182
0.059748
0.028302
0.018868
0.025157
0.028302
0.022013
0.022013
0.034591
0.034591
0.072327
0.125786
0.191824
0.254717
0.257862
0.094340
0.022013
0.006289
0.012579
0.009434
0.015723
0.044025
0.044025
0.059748
0.062893
0.062893
0.069182
0.075472
0.069182
0.047170
0.050314
0.022013
0.040881
0.037736
0.037736
0.050314
0.044025
0.047170
0.047170
0.047170
0.059748
0.050314
0.056604
0.072327
0.044025
0.044025
0.037736
0.040881
0.044025
0.062893
0.047170
0.081761
0.053459
0.072327
0.069182
0.075472
0.075472
0.097484
0.056604
0.044025
0.040881
0.088050
0.025157
0.040881
0.044025
0.072327
0.091195
0.056604
0.069182
0.056604
0.018868
0.050314
0.072327
0.091195
0.056604
0.075472
0.066038
0.056604
0.066038
0.047170
0.018868
0.025157
0.018868
0.000000
0.000000
0.000000
0.000000
0.006289
0.006289
0.062893
0.028302
0.072327
0.097484
0.050314
0.000000
0.000000
0.000000
0.000000
0.000000
0.025157
0.025157
0.015723
0.081761
0.053459
0.044025
0.044025
0.037736
0.037736
0.031447
0.031447
0.025157
0.034591
0.025157
0.050314
0.040881
0.031447
0.047170
0.025157
0.028302
0.056604
0.069182
0.075472
0.062893
0.056604
0.088050
0.053459
0.078616
0.056604
0.069182
0.066038
0.084906
0.072327
0.078616
0.050314
0.056604
0.022013
0.031447
0.084906
0.069182
0.094340
0.050314
0.066038
0.116352
0.078616
0.091195
0.122642
0.062893
0.062893
0.044025
0.050314
0.056604
0.066038
0.100629
0.034591
0.000000
0.000000
0.000000
0.015723
0.000000
0.018868
0.000000
0.018868
0.015723
0.000000
0.015723
0.000000
0.034591
0.000000
0.000000
0.050314
0.009434
0.059748
0.006289
0.066038
0.100629
0.081761
0.069182
0.000000
0.037736
0.078616
0.044025
0.028302
0.053459
0.034591
0.012579
0.034591
0.103774
0.037736
0.069182
0.081761
0.078616
0.050314
0.094340
0.040881
0.050314
0.103774
0.050314
0.075472
0.094340
0.047170
0.037736
0.103774
0.103774
0.034591
0.037736
0.018868
0.037736
0.066038
0.097484
0.075472
0.053459
0.044025
0.059748
0.078616
0.094340
0.015723
0.009434
0.000000
0.009434
0.000000
0.062893
0.047170
0.072327
0.006289
0.009434
0.028302
0.000000
0.000000
0.056604
0.072327
0.125786
0.075472
0.062893
0.015723
0.078616
0.097484
0.006289
0.031447
0.059748
0.028302
0.062893
0.084906
0.125786
0.040881
0.084906
0.075472
0.059748
0.069182
0.084906
0.088050
0.081761
0.078616
0.100629
0.037736
0.075472
0.078616
0.066038
0.037736
0.012579
0.084906
0.050314
0.037736
0.091195
0.097484
0.078616
0.072327
0.044025
0.062893
0.050314
0.078616
0.047170
0.059748
0.072327
0.072327
0.031447
0.069182
0.066038
0.075472
0.066038
0.056604
0.018868
0.056604
0.059748
0.050314
0.081761
0.072327
0.031447
0.125786
0.072327
0.072327
0.050314
0.062893
0.088050
0.106918
0.084906
0.106918
0.075472
0.056604
0.097484
0.072327
0.081761
0.069182
0.091195
0.081761
0.084906
0.075472
0.094340
0.072327
0.059748
0.069182
0.081761
0.062893
0.072327
0.103774
0.047170
0.075472
0.047170
0.078616
0.022013
0.028302
0.072327
0.062893
0.081761
0.066038
0.084906
0.062893
0.050314
0.088050
0.034591
0.066038
0.116352
0.072327
0.119497
0.088050
0.062893
0.040881
0.037736
0.044025
0.040881
0.037736
0.047170
0.084906
0.106918
0.062893
0.028302
0.044025
0.031447
0.059748
0.062893
0.050314
0.078616
0.072327
0.116352
0.072327
0.072327
0.106918
0.066038
0.072327
0.047170
0.050314
0.053459
0.059748
0.050314
0.056604
0.047170
0.050314
0.053459
0.037736
0.050314
0.025157
0.028302
0.059748
0.075472
0.084906
0.091195
0.056604
0.037736
0.018868
0.088050
0.069182
0.135220
0.040881
0.106918
0.037736
0.056604
0.047170
0.103774
0.066038
0.113208
0.069182
0.084906
0.044025
0.034591
0.028302
0.050314
0.106918
0.091195
0.025157
0.006289
0.006289
0.062893
0.100629
0.088050
0.044025
0.034591
0.028302
0.025157
0.110063
0.103774
0.028302
0.056604
0.012579
0.047170
0.069182
0.094340
0.059748
0.031447
0.103774
0.097484
0.100629
0.066038
0.094340
0.069182
0.040881
0.135220
0.053459
0.097484
0.088050
0.094340
0.066038
0.084906
0.078616
0.106918
0.094340
0.066038
0.091195
0.081761
0.062893
0.091195
0.094340
0.094340
0.053459
0.056604
0.047170
0.040881
0.075472
0.110063
0.059748
0.044025
0.034591
0.050314
0.053459
0.088050
0.059748
0.066038
0.059748
0.059748
0.044025
0.062893
0.100629
0.116352
0.075472
