0.177356
0.178282
0.177945
0.178137
0.179780
0.179759
0.179499
0.179465
0.178288
0.178303
0.177960
0.177905
0.177892
0.177508
0.178153
0.178466
0.178859
0.177831
0.178514
0.178320
0.177667
0.177553
0.177576
0.177920
0.178111
0.178089
0.178879
0.177692
0.177486
0.177907
0.177541
0.178670
0.179032
0.178561
0.177976
0.178335
0.179451
0.178809
0.179381
0.178837
0.180483
0.180300
0.180342
0.181114
0.180520
0.178499
0.178605
0.177547
0.177878
0.177857
0.178071
0.177670
0.178361
0.177866
0.177677
0.177836
0.179358
0.178780
0.178591
0.178637
0.178278
0.177516
0.177762
0.177896
0.179014
0.179016
0.179243
0.178160
0.177869
0.177640
0.178127
0.177716
0.177330
0.177614
0.178054
0.177617
0.178357
0.178619
0.179375
0.179219
0.177497
0.177596
0.177758
0.177411
0.177643
0.177954
0.178045
0.178159
0.178361
0.177866
0.177469
0.177771
0.177639
0.177912
0.178436
0.178127
0.178439
0.178064
0.179544
0.178023
0.178572
0.178234
0.178229
0.178088
0.178304
0.178370
0.178473
0.178307
0.178083
0.178096
0.178184
0.177984
0.177703
0.178072
0.177609
0.178309
0.178544
0.178336
0.178043
0.178544
0.178617
0.178619
0.178645
0.178583
0.178782
0.179160
0.179819
0.179185
0.179062
0.179294
0.178454
0.179141
0.178800
0.178494
0.179009
0.178852
0.178928
0.178466
0.178800
0.178281
0.178578
0.178463
0.178050
0.177919
0.178369
0.178954
0.178625
0.179211
0.179032
0.179514
0.178604
0.178004
0.179361
0.179205
0.178645
0.179110
0.178530
0.178960
0.178453
0.178974
0.178370
0.178524
0.178497
0.179122
0.178839
0.178271
0.178840
0.177996
0.177695
0.178220
0.181145
0.202903
0.203191
0.201964
0.213810
0.215129
0.217229
0.223446
0.219839
0.229578
0.234384
0.220597
0.237661
0.238794
0.223487
0.242376
0.237688
0.222453
0.236828
0.225206
0.215591
0.216110
0.218831
0.212181
0.205385
0.209753
0.209582
0.208610
0.204629
0.224925
0.228130
0.221193
0.214313
0.233010
0.227788
0.227443
0.224695
0.221647
0.229297
0.225986
0.221874
0.214433
0.220209
0.224166
0.216975
0.210631
0.207347
0.206222
0.187906
0.185024
0.188141
0.188601
0.192452
0.189543
0.189461
0.190011
0.191441
0.188342
0.189883
0.191690
0.188642
0.188807
0.191920
0.187507
0.185797
0.187155
0.181971
0.181581
0.186149
0.183085
0.181620
0.180595
0.182762
0.189567
0.192619
0.190934
0.198639
0.196709
0.195326
0.199165
0.195965
0.197026
0.194817
0.201982
0.198800
0.197203
0.194835
0.199622
0.196382
0.196984
0.193439
0.189586
0.187647
0.183394
0.180529
0.178149
0.178235
0.177855
0.177715
0.178118
0.179290
0.178557
0.178157
0.178339
0.178194
0.178671
0.178090
0.178706
0.177863
0.178186
0.180838
0.180406
0.178480
0.179456
0.178565
0.179322
0.180596
0.179192
0.180016
0.179682
0.179876
0.179327
0.179199
0.178771
0.178313
0.178284
0.179085
0.179450
0.178814
0.179220
0.178474
0.178160
0.178643
0.178720
0.179432
0.179947
0.179262
0.179541
0.179524
0.178730
0.178992
0.179844
0.179858
0.178936
0.179571
0.179421
0.179893
0.180221
0.179422
0.181594
0.180494
0.180391
0.181633
0.182120
0.181229
0.183382
0.183592
0.182142
0.183077
0.184571
0.182557
0.184425
0.183274
0.185365
0.184463
0.184298
0.183063
0.186918
0.184125
0.192295
0.187560
0.187347
0.190075
0.185292
0.192117
0.190422
0.185454
0.191438
0.185469
0.185585
0.182961
0.180842
0.180633
0.178045
0.178486
0.178412
0.177787
0.178296
0.177638
0.177906
0.178056
0.179447
0.178392
0.178963
0.182541
0.185714
0.181887
0.183508
0.188814
0.197923
0.196052
0.199283
0.199413
0.200187
0.215107
0.210043
0.202668
0.212537
0.206473
0.199215
0.208586
0.200430
0.199216
0.197363
0.189654
0.188574
0.186169
0.190763
0.189189
0.189128
0.186866
0.193138
0.188528
0.187096
0.183748
0.184852
0.185853
0.185173
0.183508
0.185555
0.186314
0.184436
0.184069
0.185868
0.185849
0.183437
0.186279
0.185821
0.183640
0.188398
0.192913
0.188771
0.196702
0.190131
0.188477
0.192317
0.185400
0.190950
0.189627
0.188164
0.191695
0.186099
0.192566
0.184557
0.183656
0.179002
0.180763
0.179515
0.180722
0.183783
0.183999
0.189660
0.184226
0.179429
0.177650
0.178916
0.178007
0.178879
0.178643
0.177750
0.177866
0.177901
0.177940
0.177825
0.178644
0.180286
0.182611
0.189198
0.188156
0.189420
0.186490
0.193893
0.189037
0.188041
0.189707
0.184814
0.188969
0.187608
0.187479
0.188789
0.185934
0.188085
0.184769
0.188023
0.183389
0.180924
0.182673
0.183008
0.182519
0.181831
0.181544
0.179942
0.181822
0.180488
0.186271
0.183529
0.186916
0.181407
0.186310
0.180881
0.186675
0.179939
0.185151
0.180972
0.184780
0.180707
0.184713
0.181967
0.182882
0.180261
0.180976
0.179763
0.180473
0.179539
0.179165
0.178498
0.178469
0.178307
0.178370
0.180289
0.178884
0.179301
0.178416
0.178471
0.178877
0.179824
0.178845
0.178239
0.177998
0.177863
0.178218
0.177991
0.177760
0.179095
0.178469
0.178543
0.177682
0.178014
0.178132
0.178248
0.177752
0.177906
0.177417
0.177637
0.177824
0.177784
0.177602
0.177671
0.177909
0.177817
0.178809
0.179092
0.178875
0.178403
0.178874
0.178508
0.177388
0.177864
0.177844
0.177872
0.177944
0.178609
0.178598
0.178648
0.178836
0.179836
0.180921
0.180970
0.180191
0.177636
0.178167
0.177770
0.177691
0.178408
0.178085
0.177966
0.177664
0.178400
0.177914
0.178923
0.180344
0.179982
0.179562
0.178571
0.177359
0.177758
0.177647
0.177506
0.177787
0.178085
0.177555
0.178253
0.178547
0.178684
0.178441
0.177855
0.178594
0.178637
0.178952
0.178254
0.177948
0.177855
0.178157
0.179119
0.180237
0.180617
0.179702
0.180655
0.181124
0.182560
0.182119
0.180173
0.180979
0.181874
0.182852
0.182621
0.180651
0.178765
0.178025
0.178182
0.177727
0.177862
0.177666
0.178198
0.178189
0.179392
0.179414
0.179939
0.179259
0.178234
0.177790
0.177760
0.177765
0.178452
0.179271
0.179701
0.178222
0.177381
0.177373
0.179478
0.179899
0.179701
0.178925
0.177941
0.177514
0.177338
0.177312
0.177574
0.178241
0.178719
0.179733
0.182483
0.183270
0.182858
0.179298
0.179104
0.179552
0.179025
0.178432
0.177766
0.177407
0.177554
0.178720
0.178581
0.177938
0.177444
0.177380
0.177377
0.179148
0.180590
0.180120
0.180272
0.179888
0.179749
0.179660
0.179359
0.180056
0.178883
0.179084
0.183143
0.182629
0.183159
0.182577
0.187441
0.187460
0.187349
0.183174
0.189112
0.188991
0.185673
0.187240
0.188543
0.186839
0.185676
0.188217
0.181712
0.186366
0.182274
0.183622
0.184905
0.180131
0.184987
0.180848
0.181910
0.179578
0.178372
0.179136
0.178150
0.177419
0.178610
0.179140
0.179570
0.179682
0.178388
0.178913
0.179486
0.178314
0.178489
0.178708
0.177855
0.178249
0.177452
0.177819
0.177839
0.177942
0.178119
0.178363
0.178250
0.177931
0.177928
0.178111
0.177877
0.178208
0.177841
0.178054
0.178148
0.177950
0.178166
0.178260
0.177778
0.177913
0.178174
0.177958
0.177659
0.177481
0.178330
0.178024
0.177766
0.177701
0.178074
0.177566
0.178026
0.178464
0.177741
0.180527
0.180661
0.179326
0.183430
0.183300
0.189608
0.190944
0.189903
0.196689
0.194838
0.202874
0.203397
0.194892
0.204712
0.196056
0.190887
0.192175
0.191314
0.186251
0.190915
0.192412
0.190809
0.200685
0.203541
0.194327
0.202162
0.196180
0.190053
0.201068
0.196456
0.189318
0.201327
0.196086
0.193124
0.197790
0.193826
0.190844
0.194923
0.188965
0.183216
0.183498
0.181665
0.182347
0.183739
0.181388
0.183290
0.183266
0.180869
0.182993
0.182132
0.182276
0.182416
0.181082
0.181930
0.185100
0.185809
0.192555
0.192350
0.192361
0.195225
0.192911
0.193428
0.199687
0.194219
0.193495
0.200644
0.194346
0.192334
0.194206
0.190214
0.186660
0.185406
0.182715
0.181663
0.180810
0.181425
0.180344
0.182018
0.181081
0.180180
0.181759
0.180473
0.180221
0.180775
0.178227
0.178021
0.178032
0.178732
0.181565
0.188629
0.185669
0.182341
0.183819
0.188192
0.193291
0.191492
0.193210
0.196172
0.195426
0.191575
0.194040
0.189013
0.186404
0.191530
0.189692
0.187530
0.193627
0.188881
0.183772
0.184041
0.186260
0.185901
0.187316
0.191105
0.192109
0.189801
0.196106
0.196552
0.193727
0.194062
0.194485
0.193271
0.188937
0.195627
0.192896
0.190495
0.186951
0.187178
0.181915
0.180241
0.178802
0.179045
0.178074
0.179110
0.178478
0.181431
0.180972
0.185730
0.190970
0.189260
0.200500
0.194168
0.194644
0.198736
0.190147
0.186948
0.187227
0.184726
0.186682
0.185655
0.183953
0.187982
0.183777
0.190119
0.184619
0.193817
0.190051
0.190479
0.190513
0.188296
0.191205
0.184670
0.191718
0.183475
0.191433
0.184854
0.187772
0.184310
0.182426
0.182214
0.179799
0.181969
0.179469
0.181291
0.178746
0.181473
0.178428
0.181151
0.179072
0.178940
0.179927
0.179169
0.179760
0.179667
0.179955
0.178469
0.180632
0.178836
0.178047
0.179225
0.178436
0.178865
0.178061
0.178670
0.178656
0.177817
0.178842
0.177730
0.177967
0.178554
0.178374
0.178078
0.179855
0.178304
0.179370
0.178193
0.178131
0.179006
0.178061
0.178108
0.177917
0.178319
0.177461
0.177663
0.177690
0.177417
0.177795
0.177951
0.177645
0.177849
0.178159
0.178142
0.178012
0.177587
0.177596
0.178161
0.177781
0.177359
0.177638
0.177768
0.177594
0.177616
0.177329
0.177845
0.177762
0.177739
0.178090
0.178332
0.177700
0.177438
0.177567
0.177730
0.177776
0.177623
0.177766
0.177742
0.177523
0.177552
0.177579
0.178007
0.178622
0.178441
0.178158
0.177931
0.178068
0.178539
0.177721
0.177579
0.177790
0.177351
0.177858
0.177723
0.177596
0.177849
0.177962
0.178287
0.178019
0.177948
0.177577
0.177347
0.177719
0.177731
0.177524
0.177871
0.179041
0.179742
0.178573
0.178410
0.177593
0.178018
0.178974
0.180170
0.178776
0.178310
0.178218
0.178560
0.177633
0.178283
0.178338
0.178718
0.179668
0.179971
0.177775
0.177917
0.177739
0.178130
0.177760
0.177768
0.177544
0.177604
0.177673
0.178095
0.177886
0.179012
0.179623
0.180003
0.178914
0.179262
0.178959
0.179716
0.178938
0.179448
0.178852
0.179525
0.179988
0.180363
0.179566
0.178631
0.178651
0.178240
0.178391
0.178082
0.177774
0.178169
0.177745
0.178177
0.178472
0.178525
0.179687
0.179289
0.177716
0.178470
0.178288
0.179117
0.178300
0.178198
0.178453
0.178424
0.177851
0.178310
0.178078
0.178564
0.180862
0.180279
0.179500
0.178771
0.179821
0.180767
0.179012
0.179309
0.181432
0.179577
0.179852
0.180395
0.179899
0.179952
0.178011
0.178558
0.179321
0.179717
0.178776
0.179556
0.180382
0.179298
0.178076
0.179146
0.178223
0.178382
0.177806
0.178142
0.178231
0.177910
0.178348
0.178090
0.178349
0.178013
0.179190
0.179058
0.179075
0.178850
0.178485
0.177971
0.178509
0.178864
0.179483
0.178962
0.179021
0.178036
0.178160
0.178111
0.178641
0.178645
0.179195
0.179490
0.179152
0.180017
0.179363
0.180478
0.179966
0.179451
0.179921
0.179009
0.180476
0.178618
0.179277
0.179759
0.178531
0.179632
0.178737
0.180018
0.179153
0.179138
0.179227
0.178489
0.179316
0.179572
0.178206
0.179308
0.178709
0.179479
0.180151
0.178768
0.180404
0.179240
0.178851
0.179420
0.178562
0.179730
0.178754
0.178361
0.179698
0.177914
0.179193
0.177888
0.177517
0.178209
0.177827
0.177323
0.177597
0.177829
0.177624
0.178515
0.177806
0.177861
0.177822
0.177780
0.177568
0.177739
0.177823
0.178301
0.178292
0.178127
0.178758
0.178558
0.178094
0.178730
0.178914
0.178832
0.179021
0.178727
0.179586
0.178900
0.178268
0.179086
0.178338
0.179431
0.178044
0.179167
0.179181
0.179771
0.178828
0.178254
0.178526
0.177894
0.178603
0.178113
0.178868
0.177740
0.178907
0.178041
0.179354
0.179431
0.179487
0.179837
0.179295
0.181000
0.179554
0.179686
0.179749
0.179272
0.179666
0.178548
0.178219
0.178914
0.178810
0.179036
0.178631
0.178321
0.178248
0.177939
0.178569
0.178919
0.178363
0.179167
0.178606
0.178093
0.179169
0.178286
0.179908
0.179300
0.179273
0.178869
0.178765
0.179643
0.179358
0.179446
0.180058
0.180188
0.180442
0.179484
0.179574
0.178838
0.179405
0.178247
0.178727
0.178205
0.178658
0.178548
0.178326
0.178410
0.178698
0.179548
0.179209
0.179495
0.178425
0.178596
0.178912
0.178081
0.179102
0.178491
0.178859
0.178783
0.179163
0.178958
0.180207
0.179228
0.179647
0.178736
0.178389
0.178599
0.178777
0.178028
0.178223
0.178078
0.178447
0.178537
0.177814
0.178241
0.177966
0.178471
0.178132
0.178155
0.178075
0.178046
0.177770
0.178867
0.178830
0.179016
0.177899
0.178279
0.178005
0.178283
0.178065
0.178359
0.178379
0.177831
0.178740
0.178101
0.177838
0.178741
0.178647
0.177754
0.177821
0.178934
0.178810
0.178275
0.178372
0.177934
0.178568
0.178142
0.178587
0.178107
0.178455
0.178068
0.178312
0.178498
0.178229
0.178255
0.179075
0.178424
0.178593
0.178250
0.178450
0.178193
0.178041
0.177929
0.178012
0.178468
0.177980
0.178154
0.178342
0.178704
0.178547
0.178316
0.178343
0.178447
0.178669
0.177917
0.178484
0.178988
0.178514
0.178881
0.178017
0.178640
0.178150
0.177840
0.177918
0.177866
0.177968
0.177665
0.177666
0.178335
0.178511
0.178094
0.178311
0.178139
0.177711
0.177754
0.178148
0.179285
0.177833
0.177904
0.177946
0.178404
0.177834
0.178474
0.178042
0.178664
0.178331
0.177764
0.178159
0.178066
0.177728
0.178311
0.178370
0.177844
0.177678
0.178027
0.177567
0.178045
0.177279
0.178359
0.177676
0.177998
0.177746
0.177979
0.177702
0.178001
0.177223
0.177657
0.178291
0.177826
0.177743
0.177294
0.178041
0.177787
0.178692
0.178510
0.179037
0.178014
0.178151
0.178468
0.177789
0.177344
0.177721
0.177569
0.178188
0.177723
0.177859
0.178551
0.179370
0.178527
0.177775
0.177787
0.177553
0.177455
0.177949
0.177850
0.177813
0.177652
0.178238
0.177954
0.177911
0.177971
0.177597
0.177633
0.178008
0.178463
0.178215
0.177570
0.178180
0.178077
0.177889
0.177432
0.178230
0.177752
0.177700
0.178646
0.178089
0.177774
0.177618
0.179058
0.178172
0.177492
0.178376
0.178267
0.178273
0.177557
0.178698
0.178433
0.178990
0.178295
0.177818
0.177816
0.178106
0.177975
0.178234
0.177913
0.178079
0.177482
0.177481
0.177288
0.178138
0.177722
0.177466
0.177629
0.177386
0.177417
0.177196
0.177839
0.177579
0.177327
0.178471
0.178502
0.177784
0.177445
0.177627
0.177815
0.177504
0.177403
0.177415
0.177827
0.178548
0.179177
0.178662
0.178696
0.178922
0.178568
0.178427
0.177945
0.178183
0.178136
0.177632
0.177556
0.177719
0.177661
0.177410
0.177908
0.178461
0.178119
0.178143
0.178852
0.179248
0.178833
0.178025
0.177465
0.177308
0.177701
0.177771
0.177588
0.177727
0.177637
0.177867
0.178020
0.177611
0.177383
0.177342
0.177689
0.177980
0.178217
0.178144
0.178469
0.178557
0.178790
0.179501
0.178782
0.178430
0.177604
0.177874
0.177777
0.177577
0.177380
0.177643
0.177656
0.177530
0.178000
0.177485
0.179217
0.180031
0.178888
0.179136
0.179304
0.178319
0.177547
0.177526
0.177921
0.178070
0.177978
0.178140
0.178611
0.177892
0.177643
0.177490
0.177633
0.177608
0.178145
0.178522
0.178427
0.178034
0.177605
0.177515
0.177666
0.177905
0.177797
0.177486
0.177565
0.177968
0.177998
0.178231
0.177908
0.177981
0.177765
0.177323
0.177684
0.178622
0.178548
0.178249
0.178534
0.179216
0.178809
0.178120
0.177528
0.177823
0.177769
0.178851
0.178333
0.178196
0.178260
0.178038
0.177844
0.177732
0.177592
0.177616
0.177712
0.178183
0.177995
0.178270
0.177936
0.177962
0.177798
0.177971
0.177988
0.177382
0.177827
0.177317
0.177374
0.177437
0.177913
0.177676
0.177892
0.178020
0.178447
0.178224
0.177780
0.177425
0.177511
0.178725
0.177959
0.177749
0.177896
0.178153
0.181083
0.182963
0.184941
0.185788
0.187443
0.184971
0.190534
0.188367
0.189600
0.192936
0.189805
0.192337
0.191174
0.191129
0.194462
0.192309
0.192979
0.195528
0.191387
0.195983
0.193600
0.194266
0.197904
0.192741
0.208302
0.208243
0.200983
0.204493
0.208546
0.205023
0.203748
0.207687
0.205294
0.205516
0.209242
0.206110
0.208280
0.205666
0.206276
0.205316
0.205088
0.208268
0.207506
0.205259
0.200334
0.185251
0.181019
0.180643
0.182223
0.195338
0.201270
0.201282
0.206309
0.211207
0.210398
0.207043
0.204941
0.202580
0.202225
0.208103
0.206787
0.201060
0.201607
0.198863
0.195147
0.194137
0.194811
0.181503
0.182462
0.182701
0.183475
0.184113
0.184942
0.187232
0.186809
0.185123
0.184908
0.184892
0.186390
0.187320
0.187483
0.186197
0.185395
0.186250
0.187514
0.184820
0.184119
0.183863
0.180888
0.178915
0.180847
0.179092
0.177825
0.177573
0.178944
0.178239
0.178305
0.177794
0.178943
0.178162
0.177910
0.177638
0.177851
0.177696
0.177658
0.178707
0.177595
0.180393
0.182063
0.183986
0.188982
0.189196
0.188755
0.190352
0.192114
0.191284
0.191676
0.193070
0.188766
0.191581
0.192517
0.184996
0.183677
0.182383
0.181701
0.183246
0.180880
0.180405
0.181252
0.179913
0.178324
0.178934
0.178689
0.178207
0.178875
0.178348
0.180796
0.181027
0.185593
0.181832
0.180188
0.179961
0.180948
0.181641
0.181521
0.180716
0.180208
0.181042
0.182133
0.183201
0.182652
0.183640
0.183511
0.184983
0.183389
0.183031
0.181979
0.180660
0.184161
0.183733
0.180818
0.181849
0.182123
0.186606
0.190372
0.183137
0.184518
0.186020
0.195577
0.191378
0.196660
0.194389
0.196851
0.197086
0.193389
0.197650
0.192169
0.193033
0.194670
0.188864
0.188380
0.191333
0.187115
0.185572
0.185408
0.190404
0.187388
0.186552
0.188220
0.187729
0.182396
0.187218
0.187963
0.183550
0.185878
0.189490
0.186480
0.185105
0.187084
0.183077
0.184409
0.187099
0.185121
0.185334
0.184814
0.181822
0.182815
0.181125
0.182209
0.180690
0.180128
0.182070
0.181392
0.180658
0.181396
0.179349
0.180219
0.184071
0.186582
0.192363
0.193111
0.204579
0.201633
0.198432
0.204984
0.204797
0.213899
0.212274
0.202386
0.214562
0.203614
0.203617
0.206901
0.202031
0.203074
0.206656
0.200356
0.208552
0.205065
0.197350
0.199808
0.198887
0.196763
0.196226
0.194410
0.189888
0.195102
0.190533
0.202254
0.205716
0.205901
0.217884
0.205276
0.202053
0.207177
0.199610
0.206511
0.204370
0.198883
0.209504
0.201534
0.200362
0.206455
0.199223
0.203647
0.201375
0.195829
0.194419
0.181797
0.179835
0.180999
0.180009
0.183333
0.188425
0.186213
0.188626
0.183179
0.179762
0.180809
0.182763
0.192149
0.192843
0.184578
0.184594
0.181851
0.182001
0.184086
0.182857
0.181710
0.183192
0.183160
0.181742
0.184714
0.184218
0.184393
0.182021
0.184096
0.185905
0.185289
0.184193
0.182856
0.182571
0.183038
0.184883
0.185978
0.182748
0.182137
0.181434
0.182898
0.181734
0.183041
0.184361
0.182522
0.190012
0.193047
0.194665
0.189561
0.191886
0.192178
0.191835
0.190890
0.187516
0.188426
0.183508
0.178647
0.179943
0.178293
0.179206
0.178654
0.178681
0.178804
0.178172
0.177944
0.178486
0.177822
0.178817
0.178260
0.177846
0.177860
0.178024
0.178213
0.178125
0.178237
0.178041
0.178897
0.183865
0.183948
0.188968
0.191832
0.192282
0.196850
0.188725
0.195404
0.189522
0.195383
0.195651
0.191148
0.198041
0.190836
0.196342
0.194606
0.189816
0.195414
0.188002
0.186781
0.185479
0.182581
0.184616
0.184214
0.184102
0.183915
0.183376
0.184283
0.182956
0.187005
0.184656
0.184533
0.189042
0.188136
0.195728
0.189915
0.197430
0.190620
0.190299
0.192839
0.187050
0.194322
0.188089
0.192231
0.188551
0.187456
0.189037
0.186527
0.189099
0.185790
0.189651
0.185064
0.182479
0.178665
0.178967
0.178276
0.178870
0.178438
0.177771
0.177609
0.178017
0.177798
0.178883
0.179584
0.178164
0.177884
0.178059
0.177502
0.177661
0.177998
0.178572
0.178306
0.177701
0.178328
0.177763
0.178878
0.178197
0.178190
0.177632
0.178558
0.178053
0.178089
0.177729
0.178268
0.177980
0.178391
0.178232
0.178408
0.178037
0.178201
0.178072
0.178633
0.178539
0.178203
0.178058
0.178139
0.178138
0.177470
0.177714
0.177810
0.177525
0.177616
0.178046
0.178101
0.178489
0.177864
0.177687
0.178578
0.178242
0.178399
0.177750
0.177886
0.178075
0.177579
0.177769
0.178012
0.178619
0.177665
0.178093
0.178261
0.177975
0.178415
0.178343
0.178815
0.178432
0.178330
0.178348
0.177812
0.177750
0.177770
0.177786
0.177995
0.177630
0.177573
0.178519
0.178236
0.178890
0.178937
0.178604
0.178622
0.178250
0.178325
0.177701
0.178124
0.178439
0.178565
0.179030
0.178988
0.178312
0.177818
0.178037
0.177840
0.177999
0.178064
0.179052
0.178448
0.177855
0.179379
0.178309
0.177822
0.177399
0.177647
0.177702
0.177768
0.178140
0.177978
0.178311
0.177835
0.178072
0.178095
0.179629
0.179077
0.178463
0.177858
0.178157
0.178542
0.178434
0.177947
0.179588
0.179005
0.178203
0.178877
0.178067
0.178213
0.179081
0.179014
0.177895
0.178266
0.177785
0.178049
0.177535
0.177884
0.177910
0.177973
0.178051
0.178014
0.178264
0.178205
0.177870
0.178664
0.178588
0.179384
0.177925
0.178847
0.179343
0.178412
0.178247
0.178279
0.177727
0.177720
0.178320
0.178743
0.178758
0.178799
0.179298
0.178170
0.178041
0.178681
0.177949
0.178479
0.177837
0.178513
0.178304
0.178193
0.177754
0.178027
0.177915
0.177784
0.178348
0.178312
0.177729
0.178190
0.177737
0.177452
0.178051
0.177664
0.178592
0.178462
0.177927
0.177716
0.178230
0.177715
0.177581
0.178149
0.177667
0.177567
0.177597
0.177823
0.178502
0.177923
0.178329
0.179030
0.181552
0.181322
0.181615
0.180161
0.180788
0.189314
0.195013
0.198400
0.201620
0.198691
0.199598
0.203419
0.197079
0.196148
0.191391
0.191180
0.187030
0.185346
0.187737
0.187760
0.186938
0.189237
0.186280
0.185132
0.186468
0.182618
0.182685
0.181408
0.180898
0.183647
0.182740
0.180125
0.181128
0.186688
0.184424
0.182975
0.183825
0.181425
0.182658
0.187275
0.184435
0.190335
0.182884
0.184955
0.182889
0.185989
0.189902
0.182374
0.184987
0.182409
0.185468
0.189626
0.185959
0.190780
0.195014
0.199180
0.199585
0.198936
0.200077
0.198044
0.192837
0.186307
0.182146
0.180038
0.180147
0.178754
0.179014
0.178106
0.177912
0.177813
0.178060
0.178084
0.178432
0.177828
0.177502
0.177542
0.178073
0.178122
0.177598
0.177650
0.177609
0.177984
0.177754
0.177315
0.178000
0.177654
0.178920
0.178652
0.178779
0.178366
0.182721
0.181995
0.182178
0.191690
0.187760
0.187534
0.189402
0.187309
0.186564
0.190532
0.187091
0.186751
0.191606
0.189334
0.188628
0.193886
0.194172
0.193382
0.197940
0.202262
0.203093
0.204685
0.198713
0.200397
0.196269
0.197182
0.200205
0.198061
0.197538
0.195621
0.198474
0.195865
0.195699
0.196180
0.197026
0.197890
0.195248
0.197091
0.196444
0.197892
0.195373
0.193759
0.195899
0.195808
0.197416
0.197256
0.196728
0.193611
0.184877
0.179721
0.178833
0.178881
0.181029
0.186670
0.187024
0.182869
0.181878
0.183863
0.180140
0.179561
0.182004
0.180004
0.179162
0.179120
0.180066
0.181314
0.180089
0.180442
0.179961
0.178340
0.178251
0.179861
0.181444
0.179577
0.181302
0.180792
0.180129
0.182156
0.181088
0.178822
0.179139
0.179981
0.179493
0.179204
0.179473
0.178797
0.178129
0.179027
0.178722
0.178058
0.178439
0.178376
0.178834
0.177925
0.177884
0.177477
0.177342
0.177612
0.177823
0.177973
0.178139
0.178922
0.178185
0.178554
0.177933
0.178007
0.177902
0.177991
0.179605
0.190928
0.196224
0.190793
0.201381
0.194743
0.192871
0.195814
0.194922
0.194097
0.198785
0.192014
0.201102
0.193670
0.189040
0.182253
0.180172
0.180846
0.179590
0.179506
0.179434
0.179177
0.178791
0.178665
0.178723
0.178750
0.177866
0.178318
0.177866
0.181172
0.182160
0.185925
0.184573
0.188786
0.190861
0.191122
0.189024
0.189778
0.192297
0.190923
0.190084
0.191431
0.190498
0.181532
0.181547
0.180282
0.179817
0.179836
0.178374
0.178395
0.177638
0.177728
0.178066
0.178052
0.178535
0.178078
0.180245
0.183847
0.182525
0.178627
0.179182
0.178803
0.179246
0.180422
0.179618
0.179167
0.179749
0.179429
0.179893
0.180565
0.180277
0.180250
0.179503
0.180955
0.182066
0.182953
0.182345
0.181846
0.183289
0.182939
0.183694
0.182578
0.181411
0.181848
0.181999
0.181604
0.180232
0.179726
0.179410
0.181703
0.184433
0.184233
0.186809
0.188540
0.188796
0.190458
0.188312
0.189015
0.188865
0.186583
0.186860
0.184442
0.185874
0.184934
0.183283
0.184736
0.184391
0.181908
0.185127
0.184371
0.182121
0.185439
0.184109
0.183603
0.183724
0.182257
0.184214
0.184015
0.181669
0.184449
0.182322
0.182599
0.182784
0.180878
0.183106
0.183443
0.181819
0.181594
0.179646
0.179429
0.183031
0.178590
0.178143
0.177356
0.177698
0.177570
0.177506
0.177600
0.177754
0.177815
0.178072
0.179616
0.178621
0.178069
0.177480
0.177862
0.177736
0.178017
0.177765
0.177563
0.177830
0.177618
0.177861
0.184484
0.184336
0.190025
0.186789
0.185317
0.190787
0.187098
0.188428
0.189037
0.184157
0.184018
0.183460
0.187792
0.187070
0.183209
0.187422
0.183369
0.187116
0.186053
0.184367
0.186918
0.182859
0.186284
0.181601
0.183838
0.183093
0.181819
0.180874
0.183397
0.185751
0.184196
0.186471
0.187222
0.184398
0.187979
0.183791
0.188156
0.185575
0.186591
0.185921
0.184380
0.184507
0.180870
0.179468
0.177915
0.179057
0.178071
0.179261
0.178718
0.178729
0.178105
0.178693
0.179223
0.178401
0.178347
0.177577
0.177810
0.178147
0.177580
0.177842
0.177573
0.178197
0.177550
0.177724
0.177715
0.178796
0.179292
0.179691
0.179742
0.178389
0.178406
0.179895
0.179030
0.177550
0.177894
0.178475
0.177992
0.178488
0.177858
0.177777
0.178018
0.178931
0.178058
0.178151
0.178382
0.178056
0.177733
0.178125
0.177924
0.177511
0.178083
0.178092
0.177754
0.178299
0.178281
0.179676
0.181038
0.179164
0.180612
0.181289
0.180867
0.179610
0.180543
0.179702
0.178371
0.177396
0.177984
0.179232
0.179333
0.179585
0.178421
0.177593
0.177878
0.177933
0.178520
0.177606
0.178209
0.177879
0.178027
0.178042
0.177489
0.177519
0.178016
0.178801
0.178773
0.178570
0.178333
0.177710
0.177758
0.177579
0.178287
0.178141
0.179374
0.179727
0.178064
0.177830
0.178011
0.177842
0.177849
0.178207
0.178090
0.178755
0.178837
0.178861
0.177867
0.177638
0.177853
0.177499
0.177703
0.178056
0.177388
0.177668
0.179034
0.180384
0.179755
0.178953
0.178791
0.180514
0.179327
0.178661
0.178940
0.180620
0.180794
0.179114
0.180001
0.179631
0.179886
0.180230
0.179441
0.177881
0.177381
0.178032
0.177538
0.177978
0.177827
0.178600
0.180272
0.180310
0.180077
0.178929
0.178397
0.177914
0.178759
0.179630
0.178992
0.179434
0.178917
0.177308
0.177658
0.177482
0.177858
0.177961
0.178274
0.178539
0.178970
0.180135
0.179900
0.178564
0.177653
0.177763
0.177743
0.178280
0.177944
0.178455
0.178651
0.178055
0.177735
0.177403
0.177920
0.178043
0.177841
0.177787
0.177801
0.178291
0.178082
0.178628
0.178898
0.179503
0.178830
0.178054
0.177693
0.177338
0.177521
0.177716
0.177983
0.178246
0.177924
0.178046
0.178178
0.178160
0.177549
0.177474
0.178819
0.178741
0.178139
0.179118
0.179488
0.177932
0.177737
0.177926
0.177490
0.178119
0.177708
0.178636
0.178924
0.178396
0.178065
0.178126
0.178123
0.178011
0.178705
0.178474
0.178592
0.177764
0.177197
0.177519
0.177442
0.177808
0.178391
0.177943
0.177823
0.177675
0.177978
0.177651
0.178260
0.177747
0.178267
0.177430
0.178072
0.179643
0.180234
0.180336
0.179845
0.178344
0.180249
0.181042
0.180263
0.183478
0.181306
0.184472
0.188288
0.182631
0.190272
0.188047
0.185646
0.193892
0.191389
0.187260
0.193270
0.194849
0.188289
0.190127
0.194210
0.191604
0.187585
0.193603
0.192016
0.186744
0.191949
0.189679
0.187396
0.190971
0.183844
0.189931
0.186283
0.184956
0.183018
0.180052
0.181251
0.180408
0.180614
0.180464
0.180894
0.181430
0.180510
0.181853
0.179978
0.181834
0.180110
0.181745
0.182513
0.181498
0.182550
0.181882
0.182391
0.186384
0.186891
0.192341
0.192895
0.189122
0.192547
0.194773
0.192251
0.189159
0.196273
0.195197
0.188861
0.195393
0.197429
0.198276
0.189267
0.201748
0.199548
0.198981
0.193495
0.198968
0.193204
0.191469
0.192306
0.189000
0.195201
0.194995
0.195242
0.190362
0.187810
0.182248
0.181475
0.180671
0.185234
0.189163
0.191467
0.192609
0.191746
0.194216
0.196942
0.193942
0.195888
0.196469
0.197084
0.196240
0.197363
0.194380
0.198958
0.198455
0.196061
0.199697
0.196407
0.196656
0.193594
0.193301
0.192414
0.191300
0.188971
0.186969
0.187347
0.187608
0.186906
0.185308
0.184570
0.183753
0.183683
0.183073
0.184127
0.184847
0.184740
0.183584
0.185005
0.184798
0.183066
0.183743
0.182203
0.181617
0.182106
0.179585
0.178762
0.178915
0.179961
0.179457
0.179333
0.179255
0.178070
0.178161
0.177843
0.177804
0.179031
0.180068
0.180457
0.180791
0.181285
0.183556
0.182384
0.183750
0.183656
0.182536
0.184843
0.184492
0.185251
0.182299
0.183809
0.185552
0.184217
0.185149
0.184616
0.186143
0.183331
0.184550
0.186288
0.183128
0.184342
0.184583
0.181013
0.182274
0.181472
0.182389
0.183130
0.184435
0.185489
0.184596
0.184545
0.183306
0.182009
0.180987
0.182225
0.183584
0.181500
0.182626
0.182105
0.181220
0.181295
0.186563
0.195904
0.192402
0.195187
0.189222
0.193205
0.189992
0.194238
0.192612
0.190654
0.191063
0.192768
0.189848
0.180487
0.181727
0.179304
0.179302
0.178521
0.178601
0.179944
0.180060
0.178258
0.178983
0.179614
0.184439
0.189904
0.185326
0.190845
0.190417
0.190924
0.188514
0.188323
0.186552
0.186938
0.186577
0.184567
0.183692
0.182020
0.185132
0.183311
0.186241
0.183778
0.184706
0.181679
0.184647
0.184284
0.182723
0.184774
0.188140
0.184896
0.195970
0.196854
0.191982
0.204542
0.196849
0.197836
0.201704
0.193143
0.192645
0.181088
0.181861
0.180648
0.178466
0.178954
0.178414
0.178426
0.178275
0.178315
0.178723
0.178077
0.179126
0.199128
0.215876
0.198957
0.194060
0.193770
0.198084
0.196023
0.195747
0.202050
0.198291
0.203892
0.202152
0.200026
0.200381
0.203420
0.204785
0.205752
0.204059
0.203253
0.204353
0.204752
0.206621
0.206347
0.204653
0.202817
0.200577
0.198564
0.198005
0.195143
0.195011
0.191082
0.186091
0.184687
0.183677
0.182222
0.183855
0.181735
0.182401
0.182945
0.182410
0.180996
0.180383
0.180684
0.179956
0.180868
0.179717
0.179655
0.180073
0.179788
0.181194
0.181921
0.183308
0.184667
0.182657
0.181813
0.180515
0.179900
0.178846
0.178680
0.178378
0.178076
0.177928
0.179006
0.178960
0.178769
0.178308
0.178699
0.179038
0.178854
0.178800
0.179283
0.178843
0.178787
0.178725
0.178095
0.178961
0.179196
0.178203
0.178009
0.178188
0.177954
0.177579
0.178015
0.178098
0.177536
0.178382
0.177923
0.177700
0.178153
0.177540
0.177845
0.177815
0.178063
0.178033
0.177735
0.178004
0.177973
0.177597
0.178007
0.177718
0.177709
0.177559
0.177923
0.177773
0.178141
0.178148
0.178008
0.177752
0.178560
0.178248
0.178133
0.178145
0.178296
0.178005
0.178146
0.177951
0.178112
0.178251
0.178239
0.178137
0.178634
0.178217
0.178204
0.177878
0.178333
0.178162
0.178282
0.177817
0.177847
0.177876
0.178420
0.179200
0.179377
0.178635
0.179024
0.178528
0.178779
0.178277
0.177875
0.177415
0.177537
0.177604
0.177838
0.177805
0.179934
0.180805
0.180365
0.194721
0.194638
0.181951
0.185687
0.182740
0.185961
0.188198
0.184806
0.188511
0.188988
0.187346
0.186639
0.182060
0.184697
0.190204
0.194243
0.192191
0.195333
0.189836
0.194339
0.191133
0.190862
0.182208
0.181346
0.180556
0.179290
0.178263
0.178899
0.179595
0.188324
0.226901
0.196892
0.195810
0.204793
0.206385
0.200952
0.203132
0.203890
0.199098
0.205589
0.202165
0.199327
0.196512
0.196705
0.196564
0.190579
0.186193
0.185810
0.184673
0.184248
0.186496
0.185222
0.185588
0.186138
0.185390
0.183857
0.184798
0.185066
0.183254
0.183208
0.183715
0.180434
0.182586
0.185810
0.186404
0.186235
0.189744
0.192814
0.197126
0.196879
0.195915
0.195239
0.195044
0.194846
0.194656
0.195205
0.195820
0.197418
0.197400
0.197766
0.199052
0.198740
0.198888
0.194790
0.186422
0.186170
0.192405
0.192198
0.186479
0.187118
0.185447
0.186703
0.186290
0.185125
0.182190
0.182840
0.182153
0.180881
0.182826
0.182717
0.184081
0.182816
0.181588
0.180360
0.180570
0.184229
0.189434
0.191938
0.195620
0.197277
0.195514
0.192912
0.192512
0.192309
0.192460
0.193912
0.192056
0.194047
0.190512
0.191589
0.191834
0.193146
0.190397
0.192651
0.190549
0.189990
0.190187
0.191126
0.193454
0.192234
0.197016
0.198740
0.201369
0.200750
0.199578
0.195962
0.198226
0.196013
0.195265
0.198004
0.195027
0.199662
0.199939
0.201081
0.201247
0.198927
0.196992
0.198995
0.197626
0.198695
0.204341
0.204467
0.189126
0.182812
0.180599
0.180597
0.180844
0.184754
0.186449
0.189360
0.189502
0.188268
0.187985
0.185670
0.186588
0.187199
0.188636
0.190001
0.191761
0.191564
0.194140
0.191644
0.194514
0.190672
0.191596
0.189960
0.187613
0.190187
0.187620
0.185733
0.183762
0.185154
0.182931
0.182618
0.182408
0.183666
0.183416
0.184678
0.185174
0.186534
0.188393
0.188674
0.188394
0.194533
0.195271
0.191355
0.192226
0.191536
0.191803
0.185500
0.184607
0.182643
0.181661
0.183106
0.181853
0.183650
0.184318
0.185940
0.186375
0.190064
0.188498
0.188554
0.186629
0.193434
0.190059
0.188146
0.188301
0.193263
0.190707
0.190803
0.190794
0.195825
0.188498
0.182556
0.180132
0.178350
0.178445
0.178622
0.177958
0.178713
0.177913
0.178153
0.178120
0.178889
0.178253
0.183841
0.196303
0.198392
0.198258
0.197393
0.200441
0.193633
0.193170
0.192678
0.191552
0.193309
0.192161
0.189812
0.190307
0.189002
0.191432
0.189667
0.190698
0.187729
0.191374
0.190124
0.189390
0.185535
0.191387
0.190550
0.189250
0.186244
0.191138
0.189598
0.188266
0.186990
0.187214
0.184708
0.182102
0.183123
0.184044
0.182086
0.182920
0.183495
0.180645
0.183383
0.184189
0.180320
0.182257
0.182850
0.180337
0.182271
0.180639
0.180623
0.182570
0.180610
0.180681
0.182827
0.180114
0.181998
0.180970
0.180677
0.182467
0.179649
0.180810
0.180530
0.179815
0.180608
0.179588
0.182054
0.180026
0.180119
0.181265
0.180474
0.181542
0.180101
0.181133
0.180632
0.179202
0.178641
0.177669
0.178931
0.178992
0.179011
0.178655
0.177800
0.178682
0.178659
0.178805
0.178253
0.178498
0.178052
0.178414
0.177670
0.178149
0.178118
0.178271
0.178210
0.178630
0.181837
0.182778
0.193921
0.192621
0.191674
0.193214
0.193780
0.195249
0.189846
0.190543
0.191677
0.191048
0.180973
0.182436
0.182496
0.182030
0.185663
0.188211
0.187521
0.186770
0.184675
0.186173
0.185208
0.187743
0.187950
0.188400
0.193154
0.191408
0.193356
0.191964
0.190173
0.192608
0.190412
0.192274
0.192819
0.189096
0.192987
0.191050
0.189978
0.185974
0.184157
0.184262
0.182773
0.182790
0.181658
0.181916
0.181618
0.179378
0.178789
0.178226
0.177833
0.177698
0.180001
0.182034
0.182560
0.181426
0.183589
0.185381
0.182682
0.185406
0.184444
0.186481
0.184417
0.192734
0.189470
0.190839
0.193327
0.188562
0.192467
0.191653
0.186787
0.192998
0.189680
0.184916
0.183022
0.178350
0.180966
0.179498
0.181094
0.179247
0.180165
0.179152
0.178363
0.179124
0.178224
0.179931
0.184672
0.182257
0.189864
0.185824
0.185608
0.187032
0.186900
0.190802
0.192876
0.191870
0.199797
0.194400
0.193460
0.199912
0.190752
0.203302
0.195783
0.198443
0.198341
0.192352
0.198000
0.189619
0.215350
0.204504
0.186878
0.186753
0.188418
0.184791
0.205082
0.248093
0.215371
0.212218
0.219928
0.210373
0.200857
0.198134
0.204228
0.198683
0.194839
0.201378
0.199605
0.198410
0.199977
0.197401
0.194428
0.183503
0.182693
0.181458
0.180190
0.180280
0.183377
0.182837
0.188254
0.193200
0.194683
0.198758
0.200041
0.201585
0.202680
0.203521
0.204552
0.202630
0.202792
0.203801
0.203563
0.200499
0.200157
0.196797
0.196022
0.193761
0.190341
0.188345
0.187191
0.185917
0.185259
0.184692
0.184517
0.185832
0.185054
0.183531
0.182649
0.182011
0.181246
0.181093
0.181475
0.179770
0.182414
0.180230
0.181301
0.180404
0.181876
0.179321
0.180283
0.180613
0.180243
0.180156
0.179688
0.178518
0.178536
0.178817
0.178557
0.178742
0.178384
0.178376
0.178947
0.178499
0.177866
0.177893
0.178333
0.177761
0.178333
0.178262
0.178240
0.177869
0.178094
0.178376
0.178174
0.178178
0.178727
0.179101
0.178309
0.178247
0.178941
0.177930
0.178388
0.178165
0.178540
0.177790
0.177541
0.177822
0.178080
0.177671
0.177678
0.177740
0.177632
0.177956
0.177996
0.177561
0.177929
0.177866
0.177998
0.177683
0.178156
0.178687
0.178592
0.179130
0.179301
0.178397
0.178599
0.178610
0.178920
0.178447
0.179280
0.180013
0.179819
0.178999
0.178843
0.179045
0.178122
0.178202
0.178576
0.177916
0.177872
0.179113
0.178919
0.178313
0.178365
0.178845
0.179679
0.182639
0.182396
0.183821
0.186537
0.186326
0.195006
0.197370
0.193374
0.193436
0.192913
0.193907
0.197125
0.195851
0.196725
0.195959
0.197005
0.194443
0.200652
0.202139
0.196593
0.195616
0.192909
0.188734
0.187661
0.184832
0.183822
0.183425
0.181156
0.182954
0.182494
0.181945
0.182067
0.183056
0.182761
0.183705
0.184149
0.184314
0.191293
0.188956
0.192593
0.190935
0.189105
0.189379
0.191449
0.187667
0.192910
0.187991
0.188863
0.186600
0.180214
0.180847
0.179390
0.178541
0.178117
0.178379
0.178078
0.178981
0.178328
0.178041
0.178340
0.177582
0.178545
0.179180
0.178767
0.178424
0.180997
0.187425
0.201544
0.200877
0.198347
0.195957
0.196279
0.196809
0.200800
0.201208
0.199763
0.199494
0.198560
0.198017
0.203633
0.206757
0.207257
0.209447
0.204585
0.209184
0.202918
0.205460
0.207111
0.206416
0.207391
0.204860
0.203816
0.200385
0.201922
0.202252
0.198969
0.196948
0.200518
0.201352
0.200361
0.202358
0.203701
0.204090
0.203448
0.207432
0.205572
0.203441
0.202048
0.197583
0.195428
0.196460
0.193740
0.193164
0.194261
0.193390
0.193267
0.192724
0.193877
0.192216
0.192186
0.192222
0.193110
0.193500
0.193528
0.191398
0.191673
0.191257
0.191240
0.189858
0.190920
0.188787
0.190632
0.191605
0.192404
0.192406
0.190848
0.189845
0.188534
0.188053
0.185008
0.181026
0.181219
0.181346
0.179750
0.180862
0.180103
0.179529
0.179390
0.179103
0.178219
0.179346
0.178938
0.179466
0.179525
0.178771
0.178500
0.178879
0.178416
0.177900
0.180209
0.181500
0.180544
0.184049
0.185515
0.188598
0.188143
0.194393
0.197367
0.196162
0.197498
0.200861
0.198363
0.203662
0.202364
0.200583
0.195686
0.195708
0.193076
0.190593
0.187959
0.185311
0.181340
0.180083
0.179593
0.179764
0.178968
0.180089
0.179846
0.179047
0.178211
0.181995
0.181112
0.186395
0.191541
0.195358
0.197258
0.201440
0.196576
0.196157
0.197864
0.199389
0.198730
0.196448
0.197607
0.196711
0.194605
0.194440
0.190044
0.191818
0.189558
0.185907
0.184145
0.182600
0.181547
0.183409
0.183286
0.180806
0.181448
0.181213
0.179809
0.182544
0.180342
0.180224
0.183371
0.183092
0.185418
0.185838
0.183778
0.184739
0.187867
0.187659
0.189947
0.207884
0.200758
0.195154
0.201520
0.197717
0.194369
0.201537
0.188585
0.193713
0.192559
0.187321
0.190044
0.183879
0.187065
0.186828
0.183460
0.185296
0.180608
0.184616
0.181768
0.183199
0.183901
0.182122
0.183490
0.181586
0.183023
0.182447
0.182308
0.182225
0.182652
0.181225
0.181034
0.182337
0.179910
0.181754
0.180128
0.181438
0.181003
0.183489
0.180854
0.181919
0.180472
0.182148
0.180959
0.181457
0.181533
0.181647
0.181834
0.182502
0.181082
0.183667
0.181948
0.182279
0.180512
0.180820
0.179708
0.181103
0.179185
0.179275
0.178794
0.179622
0.179707
0.178873
0.177991
0.177928
0.178016
0.178626
0.178014
0.179115
0.178025
0.177953
0.178095
0.177987
0.178642
0.179029
0.178517
0.179466
0.179020
0.178007
0.178598
0.178928
0.178590
0.178377
0.179226
0.179462
0.177923
0.177928
0.178413
0.178192
0.178464
0.178582
0.178320
0.177875
0.178362
0.178345
0.178513
0.179100
0.178981
0.178065
0.177736
0.178118
0.178298
0.178615
0.177687
0.178388
0.178033
0.178012
0.178255
0.177629
0.177935
0.178972
0.177896
0.177716
0.178335
0.177855
0.178179
0.178661
0.179163
0.179066
0.179248
0.179946
0.180552
0.181250
0.181872
0.182232
0.182344
0.182125
0.183219
0.182477
0.181744
0.181644
0.179319
0.179543
0.178736
0.178439
0.178075
0.178408
0.178109
0.178627
0.177700
0.177761
0.178112
0.178119
0.179603
0.182508
0.184138
0.185116
0.186446
0.186400
0.185046
0.183964
0.182277
0.182151
0.181736
0.179794
0.178632
0.178893
0.178451
0.179018
0.178262
0.178619
0.177890
0.178693
0.178228
0.178109
0.178662
0.179462
0.179222
0.179719
0.178817
0.179660
0.180237
0.179667
0.180055
0.180044
0.181354
0.181470
0.180721
0.181592
0.179661
0.180608
0.180152
0.179138
0.180777
0.179728
0.179385
0.179598
0.179006
0.178112
0.179096
0.179028
0.179516
0.178825
0.179264
0.179633
0.178035
0.178380
0.177604
0.178363
0.178271
0.177737
0.178950
0.178812
0.178291
0.178186
0.177822
0.178109
0.179221
0.178338
0.178096
0.177837
0.178774
0.178718
0.177671
0.178590
0.177729
0.177826
0.177785
0.178555
0.178450
0.177979
0.178051
0.178050
0.177725
0.178540
0.177817
0.178335
0.178955
0.178992
0.178390
0.178130
0.177534
0.178137
0.177942
0.177765
0.177871
0.177977
0.178366
0.178392
0.177922
0.177811
0.177658
0.177816
0.177958
0.177711
0.177528
0.177838
0.178255
0.178368
0.178001
0.179054
0.177888
0.177915
0.178678
0.179170
0.177989
0.177591
0.178351
0.178359
0.177801
0.178130
0.183891
0.183002
0.192615
0.196460
0.185525
0.183603
0.195379
0.197561
0.187864
0.179531
0.186094
0.195548
0.194691
0.185818
0.180742
0.188055
0.189503
0.186230
0.178990
0.179938
0.182217
0.183426
0.180925
0.178692
0.182410
0.184769
0.186954
0.182974
0.177875
0.180621
0.182376
0.182780
0.180425
0.178431
0.177792
0.178718
0.179365
0.177519
0.179127
0.180675
0.179024
0.177890
0.177746
0.177432
0.177784
0.177939
0.177613
0.177595
0.178167
0.178867
0.178918
0.178345
0.177977
0.177473
0.178047
0.178709
0.177922
0.178622
0.177907
0.177665
0.178205
0.178404
0.178590
0.178905
0.178859
0.178615
0.178340
0.177730
0.178536
0.178772
0.178596
0.178613
0.177819
0.177964
0.178353
0.177613
0.178378
0.177965
0.177855
0.177608
0.177792
0.177980
0.178711
0.179009
0.177474
0.177276
0.178003
0.178489
0.178098
0.178208
0.177612
0.177651
0.177929
0.177803
0.177949
0.177668
0.179103
0.177776
0.177786
0.177597
0.177798
0.178045
0.178606
0.178673
0.178806
0.178728
0.178600
0.178231
0.178173
0.177865
0.177658
0.177947
0.177709
0.177561
0.178078
0.178461
0.177864
0.178214
0.178157
0.177751
0.177767
0.177736
0.177759
0.177636
0.178029
0.179540
0.182759
0.181326
0.181477
0.185680
0.184240
0.180522
0.180246
0.181870
0.181157
0.179018
0.177871
0.178173
0.178128
0.177545
0.178312
0.179572
0.180042
0.179659
0.178264
0.178671
0.180347
0.182639
0.182293
0.180704
0.179790
0.179551
0.177677
0.177576
0.177873
0.177810
0.177338
0.177489
0.177970
0.178452
0.177687
0.178528
0.178791
0.178548
0.177868
0.177207
0.177944
0.179026
0.179288
0.177788
0.178685
0.178551
0.177384
0.178293
0.178962
0.178171
0.177648
0.177736
0.177518
0.177329
0.177265
0.178620
0.177349
0.177850
0.177974
0.177822
0.177641
0.177816
0.177674
0.178207
0.177744
0.177489
0.177984
0.177726
0.177275
0.177742
0.177794
0.177778
0.177996
0.177405
0.177974
0.177953
0.177714
0.177558
0.177907
0.177526
0.177756
0.177870
0.177525
0.177514
0.179048
0.178647
0.178068
0.177795
0.177480
0.177476
0.177920
0.177804
0.178354
0.177430
0.177401
0.177294
0.177651
0.177471
0.177427
0.177685
0.177370
0.177551
0.179006
0.177897
0.177901
0.177711
0.178133
0.177866
0.177499
0.177686
0.178214
0.178276
0.177995
0.177930
0.177531
0.178221
0.177510
0.178437
0.178115
0.177850
0.178311
0.178007
0.177666
0.177687
0.178046
0.177750
0.178353
0.177743
0.178484
0.178980
0.179719
0.178199
0.178066
0.178014
0.178136
0.178625
0.178448
0.177855
0.177661
0.177791
0.177962
0.178065
0.177955
0.177913
0.177844
0.177696
0.177606
0.177912
0.177628
0.177980
0.177753
0.177861
0.178113
0.177678
0.177924
0.177614
0.177330
0.177615
0.177937
0.177577
0.177808
0.178346
0.177661
0.177704
0.177856
0.177377
0.177682
0.178252
0.178204
0.178402
0.177745
0.177822
0.177923
0.177770
0.177566
0.177980
0.177828
0.177486
0.177569
0.177649
0.177911
0.177718
0.177763
0.178082
0.177899
0.178349
0.177847
0.177952
0.178251
0.177640
0.177823
0.178474
0.178193
0.178179
0.177808
0.177576
0.177715
0.177673
0.178322
0.177625
0.177808
0.178072
0.178446
0.179634
0.178844
0.178982
0.179378
0.178521
0.178508
0.178449
0.178307
0.177651
0.178474
0.178602
0.178301
0.178648
0.178643
0.178598
0.178313
0.178530
0.178428
0.178219
0.178158
0.177574
0.177900
0.177803
0.178267
0.177672
0.177658
0.177543
0.177427
0.177648
0.177856
0.177557
0.177871
0.177889
0.178173
0.178265
0.178237
0.178572
0.178576
0.178383
0.178730
0.179513
0.178018
0.179133
0.179400
0.178457
0.178800
0.179181
0.178177
0.178217
0.177910
0.178380
0.177673
0.177896
0.178247
0.177993
0.178380
0.179014
0.177689
0.178653
0.178288
0.178606
0.178028
0.179522
0.177977
0.179247
0.177958
0.178579
0.177427
0.177565
0.177687
0.177922
0.177543
0.178692
0.177577
0.177891
0.178214
0.177354
0.178011
0.178512
0.178128
0.177619
0.178267
0.178404
0.177767
0.178454
0.177643
0.178146
0.177762
0.178147
0.177775
0.178890
0.178260
0.178410
0.178004
0.178338
0.178432
0.178032
0.178708
0.178745
0.178068
0.178388
0.178104
0.179060
0.178504
0.179487
0.179538
0.179522
0.179195
0.178399
0.178177
0.178698
0.178050
0.177934
0.177481
0.177628
0.177657
0.177931
0.178344
0.178177
0.179148
0.178549
0.178374
0.178346
0.177704
0.177913
0.177601
0.177418
0.177341
0.177988
0.178580
0.178238
0.177455
0.178282
0.178302
0.177822
0.177981
0.178110
0.178116
0.177776
0.177753
0.178267
0.177872
0.177761
0.177467
0.178468
0.177474
0.177828
0.177829
0.177730
0.178534
0.178746
0.178455
0.178197
0.178751
0.178147
0.177602
0.177708
0.177435
0.177625
0.177605
0.178558
0.178800
0.178932
0.179578
0.179120
0.178553
0.178057
0.178581
0.177703
0.177975
0.177555
0.178000
0.178509
0.178023
0.178352
0.178624
0.178460
0.178226
0.178970
0.178055
0.177579
0.177467
0.177442
0.177707
0.178569
0.178201
0.177772
0.177854
0.178603
0.178191
0.178369
0.178206
0.177296
0.177980
0.177460
0.177615
0.177571
0.178013
0.177906
0.177947
0.177412
0.177262
0.177424
0.177798
0.177472
0.177650
0.178223
0.177427
0.177764
0.177246
0.177645
0.178729
0.177988
0.178105
0.177801
0.177414
0.178179
0.178633
0.177277
0.178288
0.178724
0.177531
0.177713
0.177320
0.177358
0.177646
0.177702
0.177449
0.177765
0.177744
0.177354
0.177659
0.177447
0.177629
0.178015
0.177603
0.177443
0.177546
0.177436
0.178152
0.177503
0.178462
0.178323
0.177843
0.177490
0.177557
0.177733
0.177832
0.177465
0.177901
0.177793
0.178414
0.178282
0.178139
0.178032
0.178665
0.177619
0.178689
0.177464
0.177734
0.177830
0.177879
0.178092
0.178367
0.178682
0.178265
0.178443
0.178200
0.177789
0.178378
0.178433
0.177952
0.177886
0.178498
0.177963
0.177753
0.177931
0.178001
0.177954
0.178054
0.178529
0.178321
0.177945
0.178514
0.177890
0.177578
0.177399
0.178110
0.177468
0.177867
0.177870
